#model created at Sun Mar 23 11:57:00 2025
#reads: /home/tutors/shared_didattica/simulations/eduomics_local_work/eduomics_testdata/dna/align_wgsim/wgsim_chr22q11-21_recal.bam

bases: ACTG
readLength: 100
binCount: 50
kmer: 3


[Insert Rate]
0.00110912
[Insert Frequency]
0	0.685171	0.232473	0.0510816	0.0307532	0	0.000521241

[Deletion Rate]
0.0011363
[Deletion Frequency]
0	0.696515	0.223353	0.0546935	0.00661409	0.0127194	0.00559654	0	0	0.000254388	0	0	0	0	0	0	0	0	0	0	0	0	0	0	0	0.000254388

[Substitution Probs]
kmer: XXA
0.98165	0.0180376	0.000132559	0.000179902
1	0	0	0
1	0	0	0
1	0	0	0
1	0	0	0
1	0	0	0
1	0	0	0
1	0	0	0
1	0	0	0
1	0	0	0
1	0	0	0
1	0	0	0
1	0	0	0
1	0	0	0
1	0	0	0
1	0	0	0
1	0	0	0
1	0	0	0
1	0	0	0
1	0	0	0
1	0	0	0
1	0	0	0
1	0	0	0
1	0	0	0
1	0	0	0
1	0	0	0
1	0	0	0
1	0	0	0
1	0	0	0
1	0	0	0
1	0	0	0
1	0	0	0
1	0	0	0
1	0	0	0
1	0	0	0
1	0	0	0
1	0	0	0
1	0	0	0
1	0	0	0
1	0	0	0
1	0	0	0
1	0	0	0
1	0	0	0
1	0	0	0
1	0	0	0
1	0	0	0
1	0	0	0
1	0	0	0
1	0	0	0
1	0	0	0
0.980893	0.0187892	0.000144236	0.000173084
1	0	0	0
1	0	0	0
1	0	0	0
1	0	0	0
1	0	0	0
1	0	0	0
1	0	0	0
1	0	0	0
1	0	0	0
1	0	0	0
1	0	0	0
1	0	0	0
1	0	0	0
1	0	0	0
1	0	0	0
1	0	0	0
1	0	0	0
1	0	0	0
1	0	0	0
1	0	0	0
1	0	0	0
1	0	0	0
1	0	0	0
1	0	0	0
1	0	0	0
1	0	0	0
1	0	0	0
1	0	0	0
1	0	0	0
1	0	0	0
1	0	0	0
1	0	0	0
1	0	0	0
1	0	0	0
1	0	0	0
1	0	0	0
1	0	0	0
1	0	0	0
1	0	0	0
1	0	0	0
1	0	0	0
1	0	0	0
1	0	0	0
1	0	0	0
1	0	0	0
1	0	0	0
1	0	0	0
1	0	0	0
1	0	0	0
kmer: XXC
0.000161854	0.980777	9.52082e-05	0.0189655
0	1	0	0
0	1	0	0
0	1	0	0
0	1	0	0
0	1	0	0
0	1	0	0
0	1	0	0
0	1	0	0
0	1	0	0
0	1	0	0
0	1	0	0
0	1	0	0
0	1	0	0
0	1	0	0
0	1	0	0
0	1	0	0
0	1	0	0
0	1	0	0
0	1	0	0
0	1	0	0
0	1	0	0
0	1	0	0
0	1	0	0
0	1	0	0
0	1	0	0
0	1	0	0
0	1	0	0
0	1	0	0
0	1	0	0
0	1	0	0
0	1	0	0
0	1	0	0
0	1	0	0
0	1	0	0
0	1	0	0
0	1	0	0
0	1	0	0
0	1	0	0
0	1	0	0
0	1	0	0
0	1	0	0
0	1	0	0
0	1	0	0
0	1	0	0
0	1	0	0
0	1	0	0
0	1	0	0
0	1	0	0
0	1	0	0
0.000180591	0.981038	0.000171086	0.0186104
0	1	0	0
0	1	0	0
0	1	0	0
0	1	0	0
0	1	0	0
0	1	0	0
0	1	0	0
0	1	0	0
0	1	0	0
0	1	0	0
0	1	0	0
0	1	0	0
0	1	0	0
0	1	0	0
0	1	0	0
0	1	0	0
0	1	0	0
0	1	0	0
0	1	0	0
0	1	0	0
0	1	0	0
0	1	0	0
0	1	0	0
0	1	0	0
0	1	0	0
0	1	0	0
0	1	0	0
0	1	0	0
0	1	0	0
0	1	0	0
0	1	0	0
0	1	0	0
0	1	0	0
0	1	0	0
0	1	0	0
0	1	0	0
0	1	0	0
0	1	0	0
0	1	0	0
0	1	0	0
0	1	0	0
0	1	0	0
0	1	0	0
0	1	0	0
0	1	0	0
0	1	0	0
0	1	0	0
0	1	0	0
0	1	0	0
kmer: XXT
0.0183232	0.000202094	0.981263	0.000211718
0	0	1	0
0	0	1	0
0	0	1	0
0	0	1	0
0	0	1	0
0	0	1	0
0	0	1	0
0	0	1	0
0	0	1	0
0	0	1	0
0	0	1	0
0	0	1	0
0	0	1	0
0	0	1	0
0	0	1	0
0	0	1	0
0	0	1	0
0	0	1	0
0	0	1	0
0	0	1	0
0	0	1	0
0	0	1	0
0	0	1	0
0	0	1	0
0	0	1	0
0	0	1	0
0	0	1	0
0	0	1	0
0	0	1	0
0	0	1	0
0	0	1	0
0	0	1	0
0	0	1	0
0	0	1	0
0	0	1	0
0	0	1	0
0	0	1	0
0	0	1	0
0	0	1	0
0	0	1	0
0	0	1	0
0	0	1	0
0	0	1	0
0	0	1	0
0	0	1	0
0	0	1	0
0	0	1	0
0	0	1	0
0	0	1	0
0.0187127	0.000190266	0.980897	0.000199779
0	0	1	0
0	0	1	0
0	0	1	0
0	0	1	0
0	0	1	0
0	0	1	0
0	0	1	0
0	0	1	0
0	0	1	0
0	0	1	0
0	0	1	0
0	0	1	0
0	0	1	0
0	0	1	0
0	0	1	0
0	0	1	0
0	0	1	0
0	0	1	0
0	0	1	0
0	0	1	0
0	0	1	0
0	0	1	0
0	0	1	0
0	0	1	0
0	0	1	0
0	0	1	0
0	0	1	0
0	0	1	0
0	0	1	0
0	0	1	0
0	0	1	0
0	0	1	0
0	0	1	0
0	0	1	0
0	0	1	0
0	0	1	0
0	0	1	0
0	0	1	0
0	0	1	0
0	0	1	0
0	0	1	0
0	0	1	0
0	0	1	0
0	0	1	0
0	0	1	0
0	0	1	0
0	0	1	0
0	0	1	0
0	0	1	0
kmer: XXG
0.000180911	0.000218998	0.0181197	0.98148
0	0	0	1
0	0	0	1
0	0	0	1
0	0	0	1
0	0	0	1
0	0	0	1
0	0	0	1
0	0	0	1
0	0	0	1
0	0	0	1
0	0	0	1
0	0	0	1
0	0	0	1
0	0	0	1
0	0	0	1
0	0	0	1
0	0	0	1
0	0	0	1
0	0	0	1
0	0	0	1
0	0	0	1
0	0	0	1
0	0	0	1
0	0	0	1
0	0	0	1
0	0	0	1
0	0	0	1
0	0	0	1
0	0	0	1
0	0	0	1
0	0	0	1
0	0	0	1
0	0	0	1
0	0	0	1
0	0	0	1
0	0	0	1
0	0	0	1
0	0	0	1
0	0	0	1
0	0	0	1
0	0	0	1
0	0	0	1
0	0	0	1
0	0	0	1
0	0	0	1
0	0	0	1
0	0	0	1
0	0	0	1
0	0	0	1
0.000189887	0.000151909	0.0174601	0.982198
0	0	0	1
0	0	0	1
0	0	0	1
0	0	0	1
0	0	0	1
0	0	0	1
0	0	0	1
0	0	0	1
0	0	0	1
0	0	0	1
0	0	0	1
0	0	0	1
0	0	0	1
0	0	0	1
0	0	0	1
0	0	0	1
0	0	0	1
0	0	0	1
0	0	0	1
0	0	0	1
0	0	0	1
0	0	0	1
0	0	0	1
0	0	0	1
0	0	0	1
0	0	0	1
0	0	0	1
0	0	0	1
0	0	0	1
0	0	0	1
0	0	0	1
0	0	0	1
0	0	0	1
0	0	0	1
0	0	0	1
0	0	0	1
0	0	0	1
0	0	0	1
0	0	0	1
0	0	0	1
0	0	0	1
0	0	0	1
0	0	0	1
0	0	0	1
0	0	0	1
0	0	0	1
0	0	0	1
0	0	0	1
0	0	0	1
kmer: XAA
0.981029	0.0188026	3.36361e-05	0.000134544
1	0	0	0
1	0	0	0
1	0	0	0
1	0	0	0
1	0	0	0
1	0	0	0
1	0	0	0
1	0	0	0
1	0	0	0
1	0	0	0
1	0	0	0
1	0	0	0
1	0	0	0
1	0	0	0
1	0	0	0
1	0	0	0
1	0	0	0
1	0	0	0
1	0	0	0
1	0	0	0
1	0	0	0
1	0	0	0
1	0	0	0
1	0	0	0
1	0	0	0
1	0	0	0
1	0	0	0
1	0	0	0
1	0	0	0
1	0	0	0
1	0	0	0
1	0	0	0
1	0	0	0
1	0	0	0
1	0	0	0
1	0	0	0
1	0	0	0
1	0	0	0
1	0	0	0
1	0	0	0
1	0	0	0
1	0	0	0
1	0	0	0
1	0	0	0
1	0	0	0
1	0	0	0
1	0	0	0
1	0	0	0
1	0	0	0
0.982016	0.01764	0.000172265	0.000172265
1	0	0	0
1	0	0	0
1	0	0	0
1	0	0	0
1	0	0	0
1	0	0	0
1	0	0	0
1	0	0	0
1	0	0	0
1	0	0	0
1	0	0	0
1	0	0	0
1	0	0	0
1	0	0	0
1	0	0	0
1	0	0	0
1	0	0	0
1	0	0	0
1	0	0	0
1	0	0	0
1	0	0	0
1	0	0	0
1	0	0	0
1	0	0	0
1	0	0	0
1	0	0	0
1	0	0	0
1	0	0	0
1	0	0	0
1	0	0	0
1	0	0	0
1	0	0	0
1	0	0	0
1	0	0	0
1	0	0	0
1	0	0	0
1	0	0	0
1	0	0	0
1	0	0	0
1	0	0	0
1	0	0	0
1	0	0	0
1	0	0	0
1	0	0	0
1	0	0	0
1	0	0	0
1	0	0	0
1	0	0	0
1	0	0	0
kmer: XAC
0.00031713	0.979794	9.06084e-05	0.0197979
0	1	0	0
0	1	0	0
0	1	0	0
0	1	0	0
0	1	0	0
0	1	0	0
0	1	0	0
0	1	0	0
0	1	0	0
0	1	0	0
0	1	0	0
0	1	0	0
0	1	0	0
0	1	0	0
0	1	0	0
0	1	0	0
0	1	0	0
0	1	0	0
0	1	0	0
0	1	0	0
0	1	0	0
0	1	0	0
0	1	0	0
0	1	0	0
0	1	0	0
0	1	0	0
0	1	0	0
0	1	0	0
0	1	0	0
0	1	0	0
0	1	0	0
0	1	0	0
0	1	0	0
0	1	0	0
0	1	0	0
0	1	0	0
0	1	0	0
0	1	0	0
0	1	0	0
0	1	0	0
0	1	0	0
0	1	0	0
0	1	0	0
0	1	0	0
0	1	0	0
0	1	0	0
0	1	0	0
0	1	0	0
0	1	0	0
9.4353e-05	0.980422	4.71765e-05	0.0194367
0	1	0	0
0	1	0	0
0	1	0	0
0	1	0	0
0	1	0	0
0	1	0	0
0	1	0	0
0	1	0	0
0	1	0	0
0	1	0	0
0	1	0	0
0	1	0	0
0	1	0	0
0	1	0	0
0	1	0	0
0	1	0	0
0	1	0	0
0	1	0	0
0	1	0	0
0	1	0	0
0	1	0	0
0	1	0	0
0	1	0	0
0	1	0	0
0	1	0	0
0	1	0	0
0	1	0	0
0	1	0	0
0	1	0	0
0	1	0	0
0	1	0	0
0	1	0	0
0	1	0	0
0	1	0	0
0	1	0	0
0	1	0	0
0	1	0	0
0	1	0	0
0	1	0	0
0	1	0	0
0	1	0	0
0	1	0	0
0	1	0	0
0	1	0	0
0	1	0	0
0	1	0	0
0	1	0	0
0	1	0	0
0	1	0	0
kmer: XAT
0.0194255	9.16296e-05	0.980345	0.000137444
0	0	1	0
0	0	1	0
0	0	1	0
0	0	1	0
0	0	1	0
0	0	1	0
0	0	1	0
0	0	1	0
0	0	1	0
0	0	1	0
0	0	1	0
0	0	1	0
0	0	1	0
0	0	1	0
0	0	1	0
0	0	1	0
0	0	1	0
0	0	1	0
0	0	1	0
0	0	1	0
0	0	1	0
0	0	1	0
0	0	1	0
0	0	1	0
0	0	1	0
0	0	1	0
0	0	1	0
0	0	1	0
0	0	1	0
0	0	1	0
0	0	1	0
0	0	1	0
0	0	1	0
0	0	1	0
0	0	1	0
0	0	1	0
0	0	1	0
0	0	1	0
0	0	1	0
0	0	1	0
0	0	1	0
0	0	1	0
0	0	1	0
0	0	1	0
0	0	1	0
0	0	1	0
0	0	1	0
0	0	1	0
0	0	1	0
0.0182752	0.000363686	0.981225	0.000136382
0	0	1	0
0	0	1	0
0	0	1	0
0	0	1	0
0	0	1	0
0	0	1	0
0	0	1	0
0	0	1	0
0	0	1	0
0	0	1	0
0	0	1	0
0	0	1	0
0	0	1	0
0	0	1	0
0	0	1	0
0	0	1	0
0	0	1	0
0	0	1	0
0	0	1	0
0	0	1	0
0	0	1	0
0	0	1	0
0	0	1	0
0	0	1	0
0	0	1	0
0	0	1	0
0	0	1	0
0	0	1	0
0	0	1	0
0	0	1	0
0	0	1	0
0	0	1	0
0	0	1	0
0	0	1	0
0	0	1	0
0	0	1	0
0	0	1	0
0	0	1	0
0	0	1	0
0	0	1	0
0	0	1	0
0	0	1	0
0	0	1	0
0	0	1	0
0	0	1	0
0	0	1	0
0	0	1	0
0	0	1	0
0	0	1	0
kmer: XAG
3.12666e-05	0.000125066	0.0184786	0.981365
0	0	0	1
0	0	0	1
0	0	0	1
0	0	0	1
0	0	0	1
0	0	0	1
0	0	0	1
0	0	0	1
0	0	0	1
0	0	0	1
0	0	0	1
0	0	0	1
0	0	0	1
0	0	0	1
0	0	0	1
0	0	0	1
0	0	0	1
0	0	0	1
0	0	0	1
0	0	0	1
0	0	0	1
0	0	0	1
0	0	0	1
0	0	0	1
0	0	0	1
0	0	0	1
0	0	0	1
0	0	0	1
0	0	0	1
0	0	0	1
0	0	0	1
0	0	0	1
0	0	0	1
0	0	0	1
0	0	0	1
0	0	0	1
0	0	0	1
0	0	0	1
0	0	0	1
0	0	0	1
0	0	0	1
0	0	0	1
0	0	0	1
0	0	0	1
0	0	0	1
0	0	0	1
0	0	0	1
0	0	0	1
0	0	0	1
0.000188816	0.000251754	0.0200774	0.979482
0	0	0	1
0	0	0	1
0	0	0	1
0	0	0	1
0	0	0	1
0	0	0	1
0	0	0	1
0	0	0	1
0	0	0	1
0	0	0	1
0	0	0	1
0	0	0	1
0	0	0	1
0	0	0	1
0	0	0	1
0	0	0	1
0	0	0	1
0	0	0	1
0	0	0	1
0	0	0	1
0	0	0	1
0	0	0	1
0	0	0	1
0	0	0	1
0	0	0	1
0	0	0	1
0	0	0	1
0	0	0	1
0	0	0	1
0	0	0	1
0	0	0	1
0	0	0	1
0	0	0	1
0	0	0	1
0	0	0	1
0	0	0	1
0	0	0	1
0	0	0	1
0	0	0	1
0	0	0	1
0	0	0	1
0	0	0	1
0	0	0	1
0	0	0	1
0	0	0	1
0	0	0	1
0	0	0	1
0	0	0	1
0	0	0	1
kmer: XCA
0.981526	0.0181719	0.000181116	0.000120744
1	0	0	0
1	0	0	0
1	0	0	0
1	0	0	0
1	0	0	0
1	0	0	0
1	0	0	0
1	0	0	0
1	0	0	0
1	0	0	0
1	0	0	0
1	0	0	0
1	0	0	0
1	0	0	0
1	0	0	0
1	0	0	0
1	0	0	0
1	0	0	0
1	0	0	0
1	0	0	0
1	0	0	0
1	0	0	0
1	0	0	0
1	0	0	0
1	0	0	0
1	0	0	0
1	0	0	0
1	0	0	0
1	0	0	0
1	0	0	0
1	0	0	0
1	0	0	0
1	0	0	0
1	0	0	0
1	0	0	0
1	0	0	0
1	0	0	0
1	0	0	0
1	0	0	0
1	0	0	0
1	0	0	0
1	0	0	0
1	0	0	0
1	0	0	0
1	0	0	0
1	0	0	0
1	0	0	0
1	0	0	0
1	0	0	0
0.981442	0.0182814	0.000153884	0.000123107
1	0	0	0
1	0	0	0
1	0	0	0
1	0	0	0
1	0	0	0
1	0	0	0
1	0	0	0
1	0	0	0
1	0	0	0
1	0	0	0
1	0	0	0
1	0	0	0
1	0	0	0
1	0	0	0
1	0	0	0
1	0	0	0
1	0	0	0
1	0	0	0
1	0	0	0
1	0	0	0
1	0	0	0
1	0	0	0
1	0	0	0
1	0	0	0
1	0	0	0
1	0	0	0
1	0	0	0
1	0	0	0
1	0	0	0
1	0	0	0
1	0	0	0
1	0	0	0
1	0	0	0
1	0	0	0
1	0	0	0
1	0	0	0
1	0	0	0
1	0	0	0
1	0	0	0
1	0	0	0
1	0	0	0
1	0	0	0
1	0	0	0
1	0	0	0
1	0	0	0
1	0	0	0
1	0	0	0
1	0	0	0
1	0	0	0
kmer: XCC
9.3838e-05	0.980669	6.25586e-05	0.0191742
0	1	0	0
0	1	0	0
0	1	0	0
0	1	0	0
0	1	0	0
0	1	0	0
0	1	0	0
0	1	0	0
0	1	0	0
0	1	0	0
0	1	0	0
0	1	0	0
0	1	0	0
0	1	0	0
0	1	0	0
0	1	0	0
0	1	0	0
0	1	0	0
0	1	0	0
0	1	0	0
0	1	0	0
0	1	0	0
0	1	0	0
0	1	0	0
0	1	0	0
0	1	0	0
0	1	0	0
0	1	0	0
0	1	0	0
0	1	0	0
0	1	0	0
0	1	0	0
0	1	0	0
0	1	0	0
0	1	0	0
0	1	0	0
0	1	0	0
0	1	0	0
0	1	0	0
0	1	0	0
0	1	0	0
0	1	0	0
0	1	0	0
0	1	0	0
0	1	0	0
0	1	0	0
0	1	0	0
0	1	0	0
0	1	0	0
9.2908e-05	0.981325	0.000154847	0.0184268
0	1	0	0
0	1	0	0
0	1	0	0
0	1	0	0
0	1	0	0
0	1	0	0
0	1	0	0
0	1	0	0
0	1	0	0
0	1	0	0
0	1	0	0
0	1	0	0
0	1	0	0
0	1	0	0
0	1	0	0
0	1	0	0
0	1	0	0
0	1	0	0
0	1	0	0
0	1	0	0
0	1	0	0
0	1	0	0
0	1	0	0
0	1	0	0
0	1	0	0
0	1	0	0
0	1	0	0
0	1	0	0
0	1	0	0
0	1	0	0
0	1	0	0
0	1	0	0
0	1	0	0
0	1	0	0
0	1	0	0
0	1	0	0
0	1	0	0
0	1	0	0
0	1	0	0
0	1	0	0
0	1	0	0
0	1	0	0
0	1	0	0
0	1	0	0
0	1	0	0
0	1	0	0
0	1	0	0
0	1	0	0
0	1	0	0
kmer: XCT
0.0192896	0.000126076	0.980458	0.000126076
0	0	1	0
0	0	1	0
0	0	1	0
0	0	1	0
0	0	1	0
0	0	1	0
0	0	1	0
0	0	1	0
0	0	1	0
0	0	1	0
0	0	1	0
0	0	1	0
0	0	1	0
0	0	1	0
0	0	1	0
0	0	1	0
0	0	1	0
0	0	1	0
0	0	1	0
0	0	1	0
0	0	1	0
0	0	1	0
0	0	1	0
0	0	1	0
0	0	1	0
0	0	1	0
0	0	1	0
0	0	1	0
0	0	1	0
0	0	1	0
0	0	1	0
0	0	1	0
0	0	1	0
0	0	1	0
0	0	1	0
0	0	1	0
0	0	1	0
0	0	1	0
0	0	1	0
0	0	1	0
0	0	1	0
0	0	1	0
0	0	1	0
0	0	1	0
0	0	1	0
0	0	1	0
0	0	1	0
0	0	1	0
0	0	1	0
0.0183954	0.000124293	0.981418	6.21465e-05
0	0	1	0
0	0	1	0
0	0	1	0
0	0	1	0
0	0	1	0
0	0	1	0
0	0	1	0
0	0	1	0
0	0	1	0
0	0	1	0
0	0	1	0
0	0	1	0
0	0	1	0
0	0	1	0
0	0	1	0
0	0	1	0
0	0	1	0
0	0	1	0
0	0	1	0
0	0	1	0
0	0	1	0
0	0	1	0
0	0	1	0
0	0	1	0
0	0	1	0
0	0	1	0
0	0	1	0
0	0	1	0
0	0	1	0
0	0	1	0
0	0	1	0
0	0	1	0
0	0	1	0
0	0	1	0
0	0	1	0
0	0	1	0
0	0	1	0
0	0	1	0
0	0	1	0
0	0	1	0
0	0	1	0
0	0	1	0
0	0	1	0
0	0	1	0
0	0	1	0
0	0	1	0
0	0	1	0
0	0	1	0
0	0	1	0
kmer: XCG
0.000365497	0	0.0186404	0.980994
0	0	0	1
0	0	0	1
0	0	0	1
0	0	0	1
0	0	0	1
0	0	0	1
0	0	0	1
0	0	0	1
0	0	0	1
0	0	0	1
0	0	0	1
0	0	0	1
0	0	0	1
0	0	0	1
0	0	0	1
0	0	0	1
0	0	0	1
0	0	0	1
0	0	0	1
0	0	0	1
0	0	0	1
0	0	0	1
0	0	0	1
0	0	0	1
0	0	0	1
0	0	0	1
0	0	0	1
0	0	0	1
0	0	0	1
0	0	0	1
0	0	0	1
0	0	0	1
0	0	0	1
0	0	0	1
0	0	0	1
0	0	0	1
0	0	0	1
0	0	0	1
0	0	0	1
0	0	0	1
0	0	0	1
0	0	0	1
0	0	0	1
0	0	0	1
0	0	0	1
0	0	0	1
0	0	0	1
0	0	0	1
0	0	0	1
0.000363813	0	0.0206161	0.97902
0	0	0	1
0	0	0	1
0	0	0	1
0	0	0	1
0	0	0	1
0	0	0	1
0	0	0	1
0	0	0	1
0	0	0	1
0	0	0	1
0	0	0	1
0	0	0	1
0	0	0	1
0	0	0	1
0	0	0	1
0	0	0	1
0	0	0	1
0	0	0	1
0	0	0	1
0	0	0	1
0	0	0	1
0	0	0	1
0	0	0	1
0	0	0	1
0	0	0	1
0	0	0	1
0	0	0	1
0	0	0	1
0	0	0	1
0	0	0	1
0	0	0	1
0	0	0	1
0	0	0	1
0	0	0	1
0	0	0	1
0	0	0	1
0	0	0	1
0	0	0	1
0	0	0	1
0	0	0	1
0	0	0	1
0	0	0	1
0	0	0	1
0	0	0	1
0	0	0	1
0	0	0	1
0	0	0	1
0	0	0	1
0	0	0	1
kmer: XTA
0.981185	0.0184768	0.000168995	0.000168995
1	0	0	0
1	0	0	0
1	0	0	0
1	0	0	0
1	0	0	0
1	0	0	0
1	0	0	0
1	0	0	0
1	0	0	0
1	0	0	0
1	0	0	0
1	0	0	0
1	0	0	0
1	0	0	0
1	0	0	0
1	0	0	0
1	0	0	0
1	0	0	0
1	0	0	0
1	0	0	0
1	0	0	0
1	0	0	0
1	0	0	0
1	0	0	0
1	0	0	0
1	0	0	0
1	0	0	0
1	0	0	0
1	0	0	0
1	0	0	0
1	0	0	0
1	0	0	0
1	0	0	0
1	0	0	0
1	0	0	0
1	0	0	0
1	0	0	0
1	0	0	0
1	0	0	0
1	0	0	0
1	0	0	0
1	0	0	0
1	0	0	0
1	0	0	0
1	0	0	0
1	0	0	0
1	0	0	0
1	0	0	0
1	0	0	0
0.981116	0.0186004	0.000226835	5.67086e-05
1	0	0	0
1	0	0	0
1	0	0	0
1	0	0	0
1	0	0	0
1	0	0	0
1	0	0	0
1	0	0	0
1	0	0	0
1	0	0	0
1	0	0	0
1	0	0	0
1	0	0	0
1	0	0	0
1	0	0	0
1	0	0	0
1	0	0	0
1	0	0	0
1	0	0	0
1	0	0	0
1	0	0	0
1	0	0	0
1	0	0	0
1	0	0	0
1	0	0	0
1	0	0	0
1	0	0	0
1	0	0	0
1	0	0	0
1	0	0	0
1	0	0	0
1	0	0	0
1	0	0	0
1	0	0	0
1	0	0	0
1	0	0	0
1	0	0	0
1	0	0	0
1	0	0	0
1	0	0	0
1	0	0	0
1	0	0	0
1	0	0	0
1	0	0	0
1	0	0	0
1	0	0	0
1	0	0	0
1	0	0	0
1	0	0	0
kmer: XTC
8.10636e-05	0.980991	0.000243191	0.0186851
0	1	0	0
0	1	0	0
0	1	0	0
0	1	0	0
0	1	0	0
0	1	0	0
0	1	0	0
0	1	0	0
0	1	0	0
0	1	0	0
0	1	0	0
0	1	0	0
0	1	0	0
0	1	0	0
0	1	0	0
0	1	0	0
0	1	0	0
0	1	0	0
0	1	0	0
0	1	0	0
0	1	0	0
0	1	0	0
0	1	0	0
0	1	0	0
0	1	0	0
0	1	0	0
0	1	0	0
0	1	0	0
0	1	0	0
0	1	0	0
0	1	0	0
0	1	0	0
0	1	0	0
0	1	0	0
0	1	0	0
0	1	0	0
0	1	0	0
0	1	0	0
0	1	0	0
0	1	0	0
0	1	0	0
0	1	0	0
0	1	0	0
0	1	0	0
0	1	0	0
0	1	0	0
0	1	0	0
0	1	0	0
0	1	0	0
0.000322373	0.981343	0.000161186	0.0181738
0	1	0	0
0	1	0	0
0	1	0	0
0	1	0	0
0	1	0	0
0	1	0	0
0	1	0	0
0	1	0	0
0	1	0	0
0	1	0	0
0	1	0	0
0	1	0	0
0	1	0	0
0	1	0	0
0	1	0	0
0	1	0	0
0	1	0	0
0	1	0	0
0	1	0	0
0	1	0	0
0	1	0	0
0	1	0	0
0	1	0	0
0	1	0	0
0	1	0	0
0	1	0	0
0	1	0	0
0	1	0	0
0	1	0	0
0	1	0	0
0	1	0	0
0	1	0	0
0	1	0	0
0	1	0	0
0	1	0	0
0	1	0	0
0	1	0	0
0	1	0	0
0	1	0	0
0	1	0	0
0	1	0	0
0	1	0	0
0	1	0	0
0	1	0	0
0	1	0	0
0	1	0	0
0	1	0	0
0	1	0	0
0	1	0	0
kmer: XTT
0.0184295	0.000138308	0.981294	0.000138308
0	0	1	0
0	0	1	0
0	0	1	0
0	0	1	0
0	0	1	0
0	0	1	0
0	0	1	0
0	0	1	0
0	0	1	0
0	0	1	0
0	0	1	0
0	0	1	0
0	0	1	0
0	0	1	0
0	0	1	0
0	0	1	0
0	0	1	0
0	0	1	0
0	0	1	0
0	0	1	0
0	0	1	0
0	0	1	0
0	0	1	0
0	0	1	0
0	0	1	0
0	0	1	0
0	0	1	0
0	0	1	0
0	0	1	0
0	0	1	0
0	0	1	0
0	0	1	0
0	0	1	0
0	0	1	0
0	0	1	0
0	0	1	0
0	0	1	0
0	0	1	0
0	0	1	0
0	0	1	0
0	0	1	0
0	0	1	0
0	0	1	0
0	0	1	0
0	0	1	0
0	0	1	0
0	0	1	0
0	0	1	0
0	0	1	0
0.01817	0.00010227	0.98166	6.81803e-05
0	0	1	0
0	0	1	0
0	0	1	0
0	0	1	0
0	0	1	0
0	0	1	0
0	0	1	0
0	0	1	0
0	0	1	0
0	0	1	0
0	0	1	0
0	0	1	0
0	0	1	0
0	0	1	0
0	0	1	0
0	0	1	0
0	0	1	0
0	0	1	0
0	0	1	0
0	0	1	0
0	0	1	0
0	0	1	0
0	0	1	0
0	0	1	0
0	0	1	0
0	0	1	0
0	0	1	0
0	0	1	0
0	0	1	0
0	0	1	0
0	0	1	0
0	0	1	0
0	0	1	0
0	0	1	0
0	0	1	0
0	0	1	0
0	0	1	0
0	0	1	0
0	0	1	0
0	0	1	0
0	0	1	0
0	0	1	0
0	0	1	0
0	0	1	0
0	0	1	0
0	0	1	0
0	0	1	0
0	0	1	0
0	0	1	0
kmer: XTG
0.000184236	0.00015353	0.0179937	0.981669
0	0	0	1
0	0	0	1
0	0	0	1
0	0	0	1
0	0	0	1
0	0	0	1
0	0	0	1
0	0	0	1
0	0	0	1
0	0	0	1
0	0	0	1
0	0	0	1
0	0	0	1
0	0	0	1
0	0	0	1
0	0	0	1
0	0	0	1
0	0	0	1
0	0	0	1
0	0	0	1
0	0	0	1
0	0	0	1
0	0	0	1
0	0	0	1
0	0	0	1
0	0	0	1
0	0	0	1
0	0	0	1
0	0	0	1
0	0	0	1
0	0	0	1
0	0	0	1
0	0	0	1
0	0	0	1
0	0	0	1
0	0	0	1
0	0	0	1
0	0	0	1
0	0	0	1
0	0	0	1
0	0	0	1
0	0	0	1
0	0	0	1
0	0	0	1
0	0	0	1
0	0	0	1
0	0	0	1
0	0	0	1
0	0	0	1
0.000120005	0.000120005	0.0182407	0.981519
0	0	0	1
0	0	0	1
0	0	0	1
0	0	0	1
0	0	0	1
0	0	0	1
0	0	0	1
0	0	0	1
0	0	0	1
0	0	0	1
0	0	0	1
0	0	0	1
0	0	0	1
0	0	0	1
0	0	0	1
0	0	0	1
0	0	0	1
0	0	0	1
0	0	0	1
0	0	0	1
0	0	0	1
0	0	0	1
0	0	0	1
0	0	0	1
0	0	0	1
0	0	0	1
0	0	0	1
0	0	0	1
0	0	0	1
0	0	0	1
0	0	0	1
0	0	0	1
0	0	0	1
0	0	0	1
0	0	0	1
0	0	0	1
0	0	0	1
0	0	0	1
0	0	0	1
0	0	0	1
0	0	0	1
0	0	0	1
0	0	0	1
0	0	0	1
0	0	0	1
0	0	0	1
0	0	0	1
0	0	0	1
0	0	0	1
kmer: XGA
0.980761	0.0190369	4.03323e-05	0.000161329
1	0	0	0
1	0	0	0
1	0	0	0
1	0	0	0
1	0	0	0
1	0	0	0
1	0	0	0
1	0	0	0
1	0	0	0
1	0	0	0
1	0	0	0
1	0	0	0
1	0	0	0
1	0	0	0
1	0	0	0
1	0	0	0
1	0	0	0
1	0	0	0
1	0	0	0
1	0	0	0
1	0	0	0
1	0	0	0
1	0	0	0
1	0	0	0
1	0	0	0
1	0	0	0
1	0	0	0
1	0	0	0
1	0	0	0
1	0	0	0
1	0	0	0
1	0	0	0
1	0	0	0
1	0	0	0
1	0	0	0
1	0	0	0
1	0	0	0
1	0	0	0
1	0	0	0
1	0	0	0
1	0	0	0
1	0	0	0
1	0	0	0
1	0	0	0
1	0	0	0
1	0	0	0
1	0	0	0
1	0	0	0
1	0	0	0
0.982109	0.0173649	0.000161911	0.000364299
1	0	0	0
1	0	0	0
1	0	0	0
1	0	0	0
1	0	0	0
1	0	0	0
1	0	0	0
1	0	0	0
1	0	0	0
1	0	0	0
1	0	0	0
1	0	0	0
1	0	0	0
1	0	0	0
1	0	0	0
1	0	0	0
1	0	0	0
1	0	0	0
1	0	0	0
1	0	0	0
1	0	0	0
1	0	0	0
1	0	0	0
1	0	0	0
1	0	0	0
1	0	0	0
1	0	0	0
1	0	0	0
1	0	0	0
1	0	0	0
1	0	0	0
1	0	0	0
1	0	0	0
1	0	0	0
1	0	0	0
1	0	0	0
1	0	0	0
1	0	0	0
1	0	0	0
1	0	0	0
1	0	0	0
1	0	0	0
1	0	0	0
1	0	0	0
1	0	0	0
1	0	0	0
1	0	0	0
1	0	0	0
1	0	0	0
kmer: XGC
0.000300899	0.982548	0.000188062	0.0169632
0	1	0	0
0	1	0	0
0	1	0	0
0	1	0	0
0	1	0	0
0	1	0	0
0	1	0	0
0	1	0	0
0	1	0	0
0	1	0	0
0	1	0	0
0	1	0	0
0	1	0	0
0	1	0	0
0	1	0	0
0	1	0	0
0	1	0	0
0	1	0	0
0	1	0	0
0	1	0	0
0	1	0	0
0	1	0	0
0	1	0	0
0	1	0	0
0	1	0	0
0	1	0	0
0	1	0	0
0	1	0	0
0	1	0	0
0	1	0	0
0	1	0	0
0	1	0	0
0	1	0	0
0	1	0	0
0	1	0	0
0	1	0	0
0	1	0	0
0	1	0	0
0	1	0	0
0	1	0	0
0	1	0	0
0	1	0	0
0	1	0	0
0	1	0	0
0	1	0	0
0	1	0	0
0	1	0	0
0	1	0	0
0	1	0	0
7.47524e-05	0.980863	0.000112129	0.0189497
0	1	0	0
0	1	0	0
0	1	0	0
0	1	0	0
0	1	0	0
0	1	0	0
0	1	0	0
0	1	0	0
0	1	0	0
0	1	0	0
0	1	0	0
0	1	0	0
0	1	0	0
0	1	0	0
0	1	0	0
0	1	0	0
0	1	0	0
0	1	0	0
0	1	0	0
0	1	0	0
0	1	0	0
0	1	0	0
0	1	0	0
0	1	0	0
0	1	0	0
0	1	0	0
0	1	0	0
0	1	0	0
0	1	0	0
0	1	0	0
0	1	0	0
0	1	0	0
0	1	0	0
0	1	0	0
0	1	0	0
0	1	0	0
0	1	0	0
0	1	0	0
0	1	0	0
0	1	0	0
0	1	0	0
0	1	0	0
0	1	0	0
0	1	0	0
0	1	0	0
0	1	0	0
0	1	0	0
0	1	0	0
0	1	0	0
kmer: XGT
0.0201626	9.39982e-05	0.979602	0.000140997
0	0	1	0
0	0	1	0
0	0	1	0
0	0	1	0
0	0	1	0
0	0	1	0
0	0	1	0
0	0	1	0
0	0	1	0
0	0	1	0
0	0	1	0
0	0	1	0
0	0	1	0
0	0	1	0
0	0	1	0
0	0	1	0
0	0	1	0
0	0	1	0
0	0	1	0
0	0	1	0
0	0	1	0
0	0	1	0
0	0	1	0
0	0	1	0
0	0	1	0
0	0	1	0
0	0	1	0
0	0	1	0
0	0	1	0
0	0	1	0
0	0	1	0
0	0	1	0
0	0	1	0
0	0	1	0
0	0	1	0
0	0	1	0
0	0	1	0
0	0	1	0
0	0	1	0
0	0	1	0
0	0	1	0
0	0	1	0
0	0	1	0
0	0	1	0
0	0	1	0
0	0	1	0
0	0	1	0
0	0	1	0
0	0	1	0
0.0177243	0.000275507	0.981954	4.59179e-05
0	0	1	0
0	0	1	0
0	0	1	0
0	0	1	0
0	0	1	0
0	0	1	0
0	0	1	0
0	0	1	0
0	0	1	0
0	0	1	0
0	0	1	0
0	0	1	0
0	0	1	0
0	0	1	0
0	0	1	0
0	0	1	0
0	0	1	0
0	0	1	0
0	0	1	0
0	0	1	0
0	0	1	0
0	0	1	0
0	0	1	0
0	0	1	0
0	0	1	0
0	0	1	0
0	0	1	0
0	0	1	0
0	0	1	0
0	0	1	0
0	0	1	0
0	0	1	0
0	0	1	0
0	0	1	0
0	0	1	0
0	0	1	0
0	0	1	0
0	0	1	0
0	0	1	0
0	0	1	0
0	0	1	0
0	0	1	0
0	0	1	0
0	0	1	0
0	0	1	0
0	0	1	0
0	0	1	0
0	0	1	0
0	0	1	0
kmer: XGG
0.000216276	0.000216276	0.0182599	0.981308
0	0	0	1
0	0	0	1
0	0	0	1
0	0	0	1
0	0	0	1
0	0	0	1
0	0	0	1
0	0	0	1
0	0	0	1
0	0	0	1
0	0	0	1
0	0	0	1
0	0	0	1
0	0	0	1
0	0	0	1
0	0	0	1
0	0	0	1
0	0	0	1
0	0	0	1
0	0	0	1
0	0	0	1
0	0	0	1
0	0	0	1
0	0	0	1
0	0	0	1
0	0	0	1
0	0	0	1
0	0	0	1
0	0	0	1
0	0	0	1
0	0	0	1
0	0	0	1
0	0	0	1
0	0	0	1
0	0	0	1
0	0	0	1
0	0	0	1
0	0	0	1
0	0	0	1
0	0	0	1
0	0	0	1
0	0	0	1
0	0	0	1
0	0	0	1
0	0	0	1
0	0	0	1
0	0	0	1
0	0	0	1
0	0	0	1
0.000124657	0.000186986	0.0198828	0.979806
0	0	0	1
0	0	0	1
0	0	0	1
0	0	0	1
0	0	0	1
0	0	0	1
0	0	0	1
0	0	0	1
0	0	0	1
0	0	0	1
0	0	0	1
0	0	0	1
0	0	0	1
0	0	0	1
0	0	0	1
0	0	0	1
0	0	0	1
0	0	0	1
0	0	0	1
0	0	0	1
0	0	0	1
0	0	0	1
0	0	0	1
0	0	0	1
0	0	0	1
0	0	0	1
0	0	0	1
0	0	0	1
0	0	0	1
0	0	0	1
0	0	0	1
0	0	0	1
0	0	0	1
0	0	0	1
0	0	0	1
0	0	0	1
0	0	0	1
0	0	0	1
0	0	0	1
0	0	0	1
0	0	0	1
0	0	0	1
0	0	0	1
0	0	0	1
0	0	0	1
0	0	0	1
0	0	0	1
0	0	0	1
0	0	0	1
kmer: AAA
1	0	0	0
0.981248	0.0183079	0.000266619	0.000177746
0.982006	0.0175577	0.000349406	8.73515e-05
0.98048	0.0193429	0.000132485	4.41618e-05
0.981539	0.0183306	8.70815e-05	4.35407e-05
0.981628	0.0181062	0.000132808	0.000132808
0.979077	0.020659	0.000176196	8.8098e-05
0.980542	0.0191973	0.000261188	0
0.978889	0.0207591	0.000307868	4.39812e-05
0.98008	0.0198758	4.43656e-05	0
0.979631	0.0199338	0.000174095	0.000261142
0.979051	0.0207286	0.000176414	4.41034e-05
0.980745	0.0190364	0.000175047	4.37618e-05
0.979402	0.0202522	0.00025909	8.63632e-05
0.979823	0.0198747	0.000216029	8.64118e-05
0.980311	0.0193449	0.000214943	0.000128966
0.979874	0.0199106	0.00012901	8.60067e-05
0.98093	0.0187228	0.000217202	0.000130321
0.981091	0.0184238	0.000264457	0.000220381
0.980229	0.0195026	0.000178923	8.94614e-05
0.978578	0.0209833	0.000395083	4.38982e-05
0.98061	0.0191721	0.000130719	8.7146e-05
0.979249	0.0205317	0.000175485	4.38712e-05
0.979112	0.0204902	0.000264959	0.00013248
0.979021	0.0208043	0.000174459	0
0.979499	0.020194	0.0001756	0.0001317
0.979007	0.0207754	0.000173853	4.34631e-05
0.980536	0.0192907	0.00017301	0
0.979382	0.0199246	0.000476459	0.000216572
0.979742	0.0199083	0.000349269	0
0.978991	0.0205767	0.000216141	0.000216141
0.979621	0.0200762	0.000216338	8.65351e-05
0.980058	0.0195915	0.000262973	8.76578e-05
0.978795	0.0208989	0.000262329	4.37216e-05
0.978378	0.0213608	0.000174019	8.70095e-05
0.980366	0.0195908	4.34386e-05	0
0.978509	0.0209763	0.000386067	0.000128689
0.980937	0.0186229	0.000264154	0.000176103
0.97844	0.0212523	0.000263458	4.39097e-05
0.98023	0.0195931	8.82574e-05	8.82574e-05
0.979481	0.0201678	0.000131816	0.000219693
0.980099	0.019423	0.000304163	0.000173807
0.979216	0.0206968	0	8.67792e-05
0.978292	0.0214437	8.82457e-05	0.000176491
0.978664	0.0211169	0.00021951	0
0.979869	0.0197857	0.000302402	4.32003e-05
0.981063	0.0185374	0.000221739	0.000177391
0.979847	0.0199771	8.80049e-05	8.80049e-05
0.980147	0.0195438	0.000176468	0.000132351
0.981557	0.0180538	0.000259146	0.000129573
1	0	0	0
0.981089	0.0187331	4.43912e-05	0.000133174
0.979734	0.0201775	4.41521e-05	4.41521e-05
0.979871	0.0196376	0.000267785	0.000223155
0.979756	0.0197077	0.000312821	0.000223444
0.980329	0.0193201	0.000175239	0.000175239
0.97932	0.0201931	0.000309981	0.000177132
0.979449	0.0203279	0.00013403	8.93535e-05
0.979497	0.0201499	0.000132275	0.000220459
0.978861	0.0207447	0.000219289	0.000175431
0.978155	0.0214463	0.000221553	0.000177242
0.979279	0.0201432	0.000311263	0.000266797
0.978885	0.0208068	0.000131967	0.000175956
0.980003	0.0196434	0.00022121	0.000132726
0.979603	0.0201761	8.84917e-05	0.000132737
0.980585	0.0189295	0.000264749	0.000220624
0.979867	0.019736	0.00022076	0.000176608
0.979852	0.0198805	0.000133726	0.000133726
0.979581	0.0200647	0.000132879	0.000221464
0.979174	0.0204707	0.000133215	0.000222025
0.981158	0.0186215	0.00013238	8.82535e-05
0.979338	0.020351	8.88691e-05	0.000222173
0.978746	0.0209883	8.85583e-05	0.000177117
0.979412	0.0203196	0.00013427	0.00013427
0.980161	0.0195711	8.91623e-05	0.000178325
0.980708	0.0189352	0.000178213	0.000178213
0.980251	0.0192574	8.93615e-05	0.000402127
0.980614	0.0190294	0.000178261	0.000178261
0.978319	0.0212804	0.000222598	0.000178079
0.97897	0.0206309	0.000221838	0.00017747
0.979532	0.019895	0.000397018	0.000176452
0.981617	0.0181175	8.83783e-05	0.000176757
0.980105	0.0197169	4.45077e-05	0.000133523
0.978003	0.0216443	0.000352656	0
0.97954	0.0201047	0.000221907	0.000133144
0.980818	0.0187825	0.000177612	0.000222015
0.980139	0.0195966	4.41365e-05	0.000220682
0.979658	0.0197253	0.000220148	0.000396266
0.979887	0.0197576	0.000221995	0.000133197
0.97958	0.0201143	0.000130896	0.000174528
0.979803	0.0198918	0.000130867	0.00017449
0.979192	0.0205431	4.40839e-05	0.00022042
0.979856	0.0200098	8.93296e-05	4.46648e-05
0.980107	0.0194927	0.000133511	0.000267023
0.979824	0.0199549	0.000176983	4.42458e-05
0.980619	0.0189837	0.000176593	0.000220741
0.980462	0.0191398	0.000176811	0.000221014
0.981432	0.0182987	0.00013488	0.00013488
0.980613	0.0189404	0.000134012	0.000312695
0.979145	0.0205884	0.000133114	0.000133114
kmer: AAC
0	1	0	0
0.000310013	0.981296	0.000206676	0.0181875
0.00030389	0.979943	0.000202593	0.0195502
0.000203335	0.981192	0.000305002	0.0183001
0.000702036	0.978237	0.000200582	0.0208605
0.000103008	0.982386	0	0.0175113
0.000307913	0.979267	0.000102638	0.0203223
0.000412201	0.981451	0.00010305	0.0180338
0.000101327	0.980545	0.000303982	0.0190495
0.000101937	0.979511	0.000101937	0.0202854
0	0.97994	0.000310206	0.0197498
0.000303982	0.979431	0.000101327	0.0201642
0.00020141	0.980665	0.00020141	0.0189325
0.000206911	0.979516	0.000413822	0.0198634
0.00010305	0.982172	0.000206101	0.0175185
0.000305592	0.978201	0.000407456	0.0210859
0.000202573	0.978527	0.000303859	0.0209663
0.000507099	0.979108	0	0.0203854
0	0.97967	0.000303429	0.0200263
0.000313316	0.980052	0	0.0196345
0.000206868	0.980037	0.000103434	0.0196525
0	0.981457	0	0.0185432
0.0003998	0.977811	9.995e-05	0.0216892
0.000205255	0.977319	0.000102627	0.0223727
0.000101885	0.980031	0.000101885	0.0197657
0.000303122	0.979186	0	0.0205113
0.000305966	0.981744	0	0.01795
0.00030553	0.976576	0.000101843	0.0230166
0.000200521	0.98085	0.000100261	0.018849
0.000100482	0.978698	0.000100482	0.0211013
0.00010016	0.979968	0.00010016	0.0198317
0.000101874	0.979421	0	0.0204768
0.000305095	0.978542	0	0.0211533
0.000203936	0.979199	0	0.0205975
0.00030678	0.97781	0.00040904	0.0214746
0.000103295	0.977998	0	0.0218986
0.00020574	0.9785	0.00020574	0.0210884
0.00010144	0.978596	0	0.0213025
0	0.980953	0.000308864	0.0187378
0.000206932	0.977755	0.000206932	0.0218314
0.000410046	0.980318	0.000102512	0.0191697
0.000308388	0.979955	0	0.0197368
0.000204499	0.979346	0.000204499	0.0202454
0.00020517	0.978355	0.00020517	0.0212351
0.000203087	0.979691	0.000101543	0.0200041
0.000102638	0.980807	0.000102638	0.018988
0.000915844	0.979648	0.00010176	0.0193345
0.000312728	0.983321	0.000104243	0.0162619
0.00030429	0.98012	0.00020286	0.0193732
0.000307	0.982092	0.000102333	0.017499
0	1	0	0
0	0.98204	0	0.0179597
0	0.981406	0.000315159	0.0182792
0	0.979226	0	0.020774
0.000211797	0.979138	0.000211797	0.0204384
0.000209096	0.9793	0	0.0204914
0	0.980349	0	0.0196511
0.000105374	0.98019	0.000105374	0.0195996
0.000105955	0.981352	0	0.0185421
0	0.97892	0	0.0210795
0.000211685	0.981478	0.000105843	0.0182049
0.000315922	0.98115	0	0.0185341
0.000211775	0.980199	0.000211775	0.0193774
0.000210128	0.979723	0.000105064	0.0199622
0.000104264	0.982275	0.000104264	0.0175164
0	0.979164	0.000209402	0.0206261
0.000426985	0.976943	0.000106746	0.0225235
0.000312793	0.978104	0.000417058	0.0211657
0.000103972	0.982533	0	0.0173633
0.000211595	0.979264	0.000211595	0.0203132
0.000107817	0.980162	0	0.0197305
0.00010457	0.982432	0	0.0174631
0.000210748	0.978609	0.000210748	0.0209694
0	0.978908	0.000208834	0.0208834
0.000105585	0.979622	0	0.0202724
0.000425849	0.98105	0.000212925	0.0183115
0.000103983	0.982219	0	0.017677
0.000314037	0.980006	0	0.0196797
0	0.981857	0.000212202	0.017931
0.000210548	0.980945	0.000210548	0.0186335
0.000106508	0.982533	0.000319523	0.0170412
0.00042328	0.982222	0	0.0173545
0.000206334	0.980708	0	0.0190859
0.000211551	0.97821	0	0.0215782
0.000104778	0.980616	0.000104778	0.0191744
0.000206975	0.980027	0	0.0197661
0.000105764	0.979693	0	0.020201
0	0.981306	0.000106213	0.0185874
0	0.98239	0	0.0176105
0.000210261	0.982233	0.000210261	0.0173465
0.000105563	0.978676	0.000105563	0.0211126
0	0.976306	0.000105307	0.0235889
0.000107342	0.979605	0	0.0202877
0.000106644	0.979204	0.000213288	0.0204756
0.000104243	0.981028	0.000208485	0.0186594
0.000312305	0.980845	0	0.0188424
0.00010618	0.980569	0	0.0193247
0.000105664	0.98003	0	0.0198648
0	0.981144	0.000105932	0.01875
0.000325804	0.981103	0	0.0185708
kmer: AAT
0	0	1	0
0.0196966	0.000158844	0.979827	0.000317687
0.0173327	0	0.982667	0
0.0175144	0.000239923	0.981926	0.000319898
0.0209374	0.000158617	0.978745	0.000158617
0.0185096	8.04764e-05	0.98141	0
0.0204756	0.000161225	0.979041	0.000322451
0.0170237	0.00023977	0.982737	0
0.0213449	0.000320976	0.978013	0.000320976
0.018684	0.000324939	0.980504	0.000487409
0.0203479	0.000246144	0.97916	0.000246144
0.0214907	0.000321958	0.978107	8.04894e-05
0.0206312	8.15461e-05	0.979043	0.000244638
0.0210964	0.000159821	0.978584	0.000159821
0.0187991	0.000243092	0.980958	0
0.0192181	0.000329924	0.979957	0.000494886
0.020895	0.000240173	0.978625	0.000240173
0.0234237	0.000240655	0.976175	0.000160436
0.019524	0.000242033	0.980073	0.000161355
0.0193406	0.000489636	0.979925	0.000244818
0.017511	0.000325786	0.982082	8.14465e-05
0.0205668	0.000161943	0.978704	0.000566802
0.020021	0.000403649	0.979252	0.000322919
0.0209039	8.26241e-05	0.978848	0.000165248
0.0204685	0.00015991	0.979372	0
0.0200487	0.000487013	0.979464	0
0.0171169	8.11227e-05	0.98264	0.000162245
0.0191104	0.000243962	0.980402	0.000243962
0.0196189	0.000565154	0.979654	0.000161473
0.0218732	0.000160244	0.977646	0.000320487
0.0215559	0.000243112	0.978201	0
0.0207549	0.000240404	0.979005	0
0.0219013	0.000320899	0.977617	0.000160449
0.0192071	0.000328326	0.9803	0.000164163
0.0192009	0.00040853	0.980391	0
0.0198362	0	0.980084	8.03084e-05
0.0179223	0.000317209	0.981602	0.000158604
0.0194608	0.000478545	0.979821	0.000239273
0.0207212	0.00016063	0.979118	0
0.0180254	0.000327735	0.981319	0.000327735
0.0213142	0.000241293	0.978203	0.000241293
0.0212266	8.10176e-05	0.978368	0.00032407
0.0195106	8.12942e-05	0.980327	8.12942e-05
0.0205892	8.13802e-05	0.979248	8.13802e-05
0.0211052	0.000322217	0.978492	8.05542e-05
0.0209864	0.000161434	0.978691	0.000161434
0.0202882	0.000161018	0.97939	0.000161018
0.0203714	0.000163626	0.979301	0.000163626
0.0171614	0	0.982676	0.000162668
0.018217	0.000241818	0.981299	0.000241818
0	0	1	0
0.0209601	0.000164393	0.978876	0
0.0191696	0.000407864	0.980341	8.15727e-05
0.020186	0.000158945	0.979576	7.94723e-05
0.0176208	0.000324807	0.981973	8.12018e-05
0.0207217	0.000160013	0.979118	0
0.0200726	0.000322451	0.979605	0
0.0196756	0.00016465	0.97983	0.000329299
0.020013	8.10241e-05	0.979825	8.10241e-05
0.019056	0.000321621	0.980542	8.04052e-05
0.0186774	8.01603e-05	0.980922	0.000320641
0.0212731	8.11952e-05	0.978564	8.11952e-05
0.0204232	0	0.979249	0.000328084
0.0196473	0.000161044	0.980031	0.000161044
0.0204429	0	0.979314	0.000243368
0.020594	0.000164096	0.978996	0.000246144
0.0223665	0.000160333	0.977393	8.01667e-05
0.0199791	0.000161121	0.979618	0.000241682
0.0201078	0.000241293	0.979651	0
0.0178027	0.000240577	0.981957	0
0.0202959	0.000161721	0.979219	0.000323441
0.0193121	7.98021e-05	0.980608	0
0.0185949	0.000242542	0.981163	0
0.0191992	0.000164096	0.980555	8.20479e-05
0.0196347	0.00016094	0.980124	8.04699e-05
0.0218152	0.0002442	0.977778	0.0001628
0.0203136	0.000162509	0.97928	0.000243764
0.0207841	0.000163012	0.979053	0
0.0181328	8.16793e-05	0.981704	8.16793e-05
0.0214923	8.1103e-05	0.978183	0.000243309
0.0179841	0.000326984	0.981444	0.000245238
0.0213644	0.000161852	0.978474	0
0.019956	0.000162906	0.979881	0
0.0192323	8.08081e-05	0.980687	0
0.021409	0.000161577	0.978349	8.07885e-05
0.0214389	0	0.978481	8.02955e-05
0.0185759	0.000162946	0.980935	0.000325892
0.0177231	0.000239502	0.981878	0.000159668
0.0211786	0.000242503	0.978417	0.000161668
0.0206076	8.21018e-05	0.97931	0
0.0191488	8.0457e-05	0.98061	0.000160914
0.0202482	0.000244938	0.979425	8.1646e-05
0.0182575	0.000160154	0.981502	8.00769e-05
0.0211084	0.000244499	0.978566	8.14996e-05
0.0201671	0	0.979511	0.000321388
0.0195369	0.000241196	0.980222	0
0.0208994	0.000162641	0.978938	0
0.018745	0.000241352	0.980853	0.000160901
0.018705	7.99361e-05	0.981135	7.99361e-05
0.0203666	8.14664e-05	0.979389	0.000162933
kmer: AAG
0	0	0	1
0.000141273	0.000141273	0.0172353	0.982482
0.000216544	0.000144363	0.0182619	0.981377
0.000218166	0.000218166	0.0189077	0.980656
0.000214301	7.14337e-05	0.0207872	0.978927
7.23537e-05	0.000217061	0.0194631	0.980247
7.26903e-05	7.26903e-05	0.0220252	0.977829
7.19217e-05	0.000143843	0.0195627	0.980222
7.13318e-05	7.13318e-05	0.0191169	0.98074
7.26111e-05	7.26111e-05	0.0200407	0.979814
0	7.14898e-05	0.0201601	0.979768
7.28757e-05	7.28757e-05	0.018146	0.981708
0.000216107	0	0.0189454	0.980838
7.17257e-05	0.000430354	0.0224502	0.977048
0.000288039	0.00014402	0.0192986	0.980269
7.13776e-05	0.00028551	0.0201285	0.979515
0.000142298	7.11491e-05	0.0213447	0.978442
7.16025e-05	7.16025e-05	0.0211227	0.978734
0.000144321	0	0.0217203	0.978135
0.000216528	0	0.0186214	0.981162
0.000143875	0.000143875	0.018344	0.981368
0	7.08918e-05	0.0211258	0.978803
0.000287006	7.17515e-05	0.0193729	0.980268
0.000143379	0.000215069	0.0214352	0.978206
0.000144238	7.21189e-05	0.0231502	0.976633
0.000362135	7.2427e-05	0.0197002	0.979865
0.000288101	0.000144051	0.0195909	0.979977
7.18752e-05	0.00014375	0.0194063	0.980378
0.000142969	0	0.0211595	0.978698
0	0	0.0218089	0.978191
0.000145201	0.000217802	0.020909	0.978728
0.000142248	0.000213371	0.0187767	0.980868
7.21345e-05	0	0.0206305	0.979297
0	0.000214301	0.02043	0.979356
7.2448e-05	0.000144896	0.0221691	0.977614
7.08215e-05	0.000212465	0.0203258	0.979391
0	7.18959e-05	0.0190524	0.980876
0	0.000143554	0.0199541	0.979902
0.000142582	0.000213873	0.021316	0.978328
0.000144865	0.000217297	0.0184702	0.981168
0	7.21033e-05	0.0188911	0.981037
7.1541e-05	7.1541e-05	0.019173	0.980684
0	0.000145233	0.0204052	0.97945
7.09069e-05	0.000141814	0.0180813	0.981706
7.17875e-05	7.17875e-05	0.0190955	0.980761
0	7.19217e-05	0.0186277	0.9813
7.1541e-05	0	0.0199599	0.979969
0	7.2469e-05	0.0213784	0.978549
0.000144603	0	0.0170631	0.982792
0.000288579	0.000216435	0.0182527	0.981242
0	0	0	1
0.000293363	0.000146681	0.019582	0.979978
7.38062e-05	0.000221419	0.0200015	0.979703
0.000217344	0.000434688	0.0183293	0.981019
0.000150004	0.000300008	0.0202505	0.979299
0.00036808	0.000147232	0.0194346	0.98005
7.32977e-05	0.000146595	0.0196438	0.980136
7.32977e-05	0.000146595	0.0208898	0.97889
0.000221451	0.000295268	0.0202259	0.979257
0.000147102	0.000294204	0.0219182	0.97764
0.000145254	0.000363135	0.0212071	0.978285
0.000222222	0.00037037	0.0213333	0.978074
0.000148291	0.000148291	0.018833	0.98087
0	0	0.0203035	0.979697
7.35673e-05	7.35673e-05	0.0203781	0.979475
7.46714e-05	0.000149343	0.0187425	0.981033
0	0.000294529	0.0205434	0.979162
0.000223447	0.000446894	0.0214509	0.977879
7.31904e-05	0.000292761	0.0191027	0.980531
0.000147612	0	0.0194848	0.980368
0	0.00029036	0.0209059	0.978804
7.29182e-05	7.29182e-05	0.0199796	0.979875
7.39481e-05	0.000221844	0.0206315	0.979073
0.000145666	0.000291333	0.020102	0.979461
0.000218802	0.000291737	0.0195463	0.979943
0.000223048	0.000371747	0.0206691	0.978736
0.000367836	0.000294269	0.0192746	0.980063
0.000289289	0.000289289	0.019744	0.979677
0	0.000370096	0.019171	0.980459
7.21137e-05	0.000360568	0.0207687	0.978799
7.33568e-05	0.00022007	0.0212735	0.978433
0.000220297	0.000146864	0.0220297	0.977603
0.000223015	0.000371692	0.0221528	0.977252
7.34538e-05	0.000367269	0.0184369	0.981122
0.000293062	7.32654e-05	0.0208807	0.978753
0.00014782	0.000295639	0.0185514	0.981005
7.38552e-05	0.00014771	0.0209749	0.978804
0.000147016	0.000147016	0.0194061	0.9803
7.29288e-05	0.000145858	0.018451	0.98133
7.28226e-05	0.000218468	0.0210457	0.978663
0.000219523	0.000146349	0.0213669	0.978267
0.000223098	0.000148732	0.0205994	0.979029
0.000219925	0.000219925	0.0207463	0.978814
7.4206e-05	0	0.0185515	0.981374
0.00014871	0.00014871	0.0201502	0.979552
0.000146703	0.000293406	0.0182645	0.981295
7.37463e-05	0.000221239	0.0192478	0.980457
7.31797e-05	0.000365898	0.0188804	0.980681
0.000146274	0	0.0190156	0.980838
0.000291184	0.000145592	0.0173983	0.982165
kmer: ACA
1	0	0	0
0.98246	0.0172844	0.000192049	6.40164e-05
0.981162	0.018709	0.000128584	0
0.978966	0.0206514	0.000254956	0.000127478
0.979827	0.0201083	6.44496e-05	0
0.97911	0.0206319	0.000193424	6.44745e-05
0.980255	0.0194856	0.000129904	0.000129904
0.979627	0.0202424	6.55093e-05	6.55093e-05
0.980336	0.019534	6.48971e-05	6.48971e-05
0.9816	0.018335	6.47878e-05	0
0.978757	0.0209836	0.000194894	6.49646e-05
0.978824	0.0209848	0.000191351	0
0.981247	0.0184972	0.000128008	0.000128008
0.978317	0.0213581	0.000194755	0.000129836
0.978951	0.0208573	6.39795e-05	0.000127959
0.980889	0.0187858	0.000130005	0.000195008
0.979328	0.0203505	6.41972e-05	0.000256789
0.980179	0.0194977	0.000129124	0.000193686
0.980137	0.0195393	0.000194099	0.0001294
0.977854	0.0218869	6.47543e-05	0.000194263
0.97939	0.0203515	0.000193823	6.46078e-05
0.979904	0.0197753	0.000128411	0.000192616
0.980305	0.0193687	0.000260858	6.52146e-05
0.979546	0.0201351	0.000254874	6.37186e-05
0.97833	0.0215403	0	0.000129761
0.979277	0.0204637	0.000194275	6.47585e-05
0.980044	0.0196978	6.45828e-05	0.000193748
0.9792	0.0206715	0	0.000128394
0.981127	0.0185529	0.000127951	0.000191926
0.978673	0.0209447	6.36618e-05	0.000318309
0.981046	0.0188274	6.31792e-05	6.31792e-05
0.979844	0.0199611	0.000129618	6.48088e-05
0.978816	0.020923	0.000130361	0.000130361
0.979059	0.0205524	0.000194502	0.000194502
0.978945	0.0205449	0.00031902	0.000191412
0.98018	0.0194997	0.000256575	6.41437e-05
0.979594	0.0202118	0	0.000193723
0.979539	0.0202672	6.45453e-05	0.000129091
0.980398	0.0194074	0.000129383	6.46914e-05
0.979937	0.0198052	6.4512e-05	0.000193536
0.979917	0.0196889	0.000196889	0.000196889
0.978572	0.0209066	0.000260518	0.000260518
0.978447	0.0214871	6.55093e-05	0
0.982732	0.0169492	6.37186e-05	0.000254874
0.978711	0.0210294	6.49056e-05	0.000194717
0.978158	0.0214523	0.000260027	0.000130014
0.980026	0.0197816	0	0.000192678
0.980444	0.0192357	6.4119e-05	0.000256476
0.981364	0.0184398	0.000130779	6.53894e-05
0.98124	0.0185005	6.4914e-05	0.000194742
1	0	0	0
0.981359	0.0181632	0.000204848	0.000273131
0.981145	0.0184512	0.00013468	0.00026936
0.978946	0.0206492	0.000269924	0.000134962
0.979537	0.0202602	0	0.00020328
0.979456	0.0202805	0.000263383	0
0.979581	0.0202164	0.000135227	6.76133e-05
0.978009	0.0217246	0.00013328	0.00013328
0.978432	0.0213646	0.000135648	6.78242e-05
0.980121	0.0195433	0.000134318	0.000201478
0.981804	0.0179279	0.000134291	0.000134291
0.97984	0.0198239	0.0001344	0.000201599
0.982597	0.0169983	0.000202361	0.000202361
0.980346	0.0194537	6.66223e-05	0.000133245
0.978287	0.0213778	6.70151e-05	0.000268061
0.979132	0.0202625	0.000403904	0.000201952
0.980441	0.0192282	0.000132153	0.000198229
0.978755	0.0208376	0.00013575	0.000271499
0.979985	0.0197503	0.000132109	0.000132109
0.980073	0.0197253	6.73219e-05	0.000134644
0.978854	0.0207441	0.000267666	0.000133833
0.980804	0.0190611	6.73537e-05	6.73537e-05
0.978932	0.0209329	0	0.000134617
0.977857	0.0218727	0.000135017	0.000135017
0.979114	0.0206812	0.000136509	6.82547e-05
0.979437	0.0202271	0.000201599	0.0001344
0.978486	0.0209795	0.000267255	0.000267255
0.97907	0.0205263	0.000201898	0.000201898
0.98246	0.0172715	6.72043e-05	0.000201613
0.979518	0.0202815	0.000133431	6.67156e-05
0.978246	0.0215529	0.000133869	6.69344e-05
0.978393	0.0214061	6.68941e-05	0.000133788
0.979337	0.0203945	6.70871e-05	0.000201261
0.978651	0.0210821	0.000133431	0.000133431
0.978047	0.0216853	0.00020079	6.69299e-05
0.980041	0.0198263	0.000132617	0
0.981202	0.0186649	0.000132846	0
0.976226	0.0234375	0.000269397	6.73491e-05
0.979244	0.0206227	0	0.000133049
0.982047	0.0177538	0.000132988	6.64938e-05
0.978217	0.0214468	0.000134463	0.000201694
0.978664	0.0212028	0.000133351	0
0.979397	0.0201351	0.000267576	0.000200682
0.98012	0.0195446	0.000268655	6.71637e-05
0.977891	0.0219751	6.69972e-05	6.69972e-05
0.978706	0.0210922	6.71727e-05	0.000134345
0.981393	0.0182692	0.000202991	0.000135327
0.979135	0.0206642	0.000134183	6.70916e-05
0.979768	0.0198298	0.000267971	0.000133985
0.980838	0.0186878	0.000203128	0.000270838
kmer: ACC
0	1	0	0
8.08931e-05	0.980262	0.000161786	0.0194952
0.000244678	0.980915	8.15594e-05	0.0187587
0.000163159	0.978381	0	0.0214554
0.000159936	0.977769	7.9968e-05	0.0219912
0	0.978811	0.000317435	0.0208714
0.000162443	0.980832	0	0.0190058
8.05412e-05	0.979059	0.000322165	0.020538
0	0.976889	0.000163908	0.0229471
0.000160218	0.979732	0.000240327	0.019867
0.00040657	0.978289	0.000325256	0.020979
8.01218e-05	0.979809	8.01218e-05	0.0200304
0.000161447	0.978851	0.000161447	0.0208266
0.000325388	0.979501	0.000244041	0.01993
0.000241274	0.979733	0.000482548	0.0195432
8.15727e-05	0.980015	8.15727e-05	0.0198222
0.000241663	0.979298	0.000402771	0.020058
8.2176e-05	0.980689	0.000493056	0.0187361
0	0.978934	8.10241e-05	0.0209853
0	0.979521	0.000165153	0.0203138
0.000160282	0.978041	0.000160282	0.0216381
0.000161747	0.978569	0.00024262	0.0210271
0	0.978112	0.00016094	0.0217269
8.11557e-05	0.980036	0.000243467	0.0196397
0.000162681	0.978119	0.000244021	0.0214739
0	0.980617	0.000164962	0.0192181
0.000159286	0.980328	0.000477859	0.0190347
0.000328974	0.977876	8.22436e-05	0.0217123
0	0.981495	0	0.0185051
0.00016197	0.980078	8.09848e-05	0.0196793
0	0.980943	8.07494e-05	0.0189761
0.000161264	0.978552	0.000241896	0.021045
8.21558e-05	0.981022	0.000164312	0.0187315
0.000162694	0.979419	0.000244041	0.0201741
0.000160759	0.975725	0.000241138	0.0238727
8.27883e-05	0.979882	0.000248365	0.0197864
8.16593e-05	0.980238	0.000163319	0.0195166
0.000162048	0.97707	0.000162048	0.0226057
0.000162813	0.980137	0.000407034	0.0192934
0.000165017	0.97995	0	0.0198845
0.000245178	0.979814	0.000245178	0.019696
8.04311e-05	0.979892	0	0.0200273
0.000162088	0.978523	8.10438e-05	0.0212335
0	0.981372	0.000162694	0.0184658
0.000244838	0.980495	0.000163225	0.0190974
8.0795e-05	0.978993	8.0795e-05	0.0208451
8.0795e-05	0.978589	0.000403975	0.0209259
0	0.979882	0.000246346	0.0198719
8.21423e-05	0.981682	0.000410711	0.0178249
0.000163975	0.981799	0.000163975	0.0178732
0	1	0	0
0.000244579	0.977988	8.15262e-05	0.021686
8.19874e-05	0.980897	8.19874e-05	0.0189391
0.000164636	0.979832	8.23181e-05	0.019921
8.25832e-05	0.979437	0	0.0204806
0.000164393	0.980191	0	0.0196449
8.11622e-05	0.979709	0.000162324	0.0200471
0.000245559	0.978063	0.000245559	0.0214455
