#model created at Sun Mar 23 14:25:27 2025
#reads: /home/tutors/shared_didattica/simulations/eduomics_local_work/eduomics_testdata/dna/align_wgsim/wgsim_chr22q11-21_recal.bam

bases: ACTG
readLength: 100
binCount: 50
kmer: 2


[Insert Rate]
0.00110912
[Insert Frequency]
0	0.685171	0.232473	0.0510816	0.0307532	0	0.000521241

[Deletion Rate]
0.0011363
[Deletion Frequency]
0	0.696515	0.223353	0.0546935	0.00661409	0.0127194	0.00559654	0	0	0.000254388	0	0	0	0	0	0	0	0	0	0	0	0	0	0	0	0.000254388

[Substitution Probs]
kmer: XA
0.98165	0.0180376	0.000132559	0.000179902
1	0	0	0
1	0	0	0
1	0	0	0
1	0	0	0
1	0	0	0
1	0	0	0
1	0	0	0
1	0	0	0
1	0	0	0
1	0	0	0
1	0	0	0
1	0	0	0
1	0	0	0
1	0	0	0
1	0	0	0
1	0	0	0
1	0	0	0
1	0	0	0
1	0	0	0
1	0	0	0
1	0	0	0
1	0	0	0
1	0	0	0
1	0	0	0
1	0	0	0
1	0	0	0
1	0	0	0
1	0	0	0
1	0	0	0
1	0	0	0
1	0	0	0
1	0	0	0
1	0	0	0
1	0	0	0
1	0	0	0
1	0	0	0
1	0	0	0
1	0	0	0
1	0	0	0
1	0	0	0
1	0	0	0
1	0	0	0
1	0	0	0
1	0	0	0
1	0	0	0
1	0	0	0
1	0	0	0
1	0	0	0
1	0	0	0
0.980893	0.0187892	0.000144236	0.000173084
1	0	0	0
1	0	0	0
1	0	0	0
1	0	0	0
1	0	0	0
1	0	0	0
1	0	0	0
1	0	0	0
1	0	0	0
1	0	0	0
1	0	0	0
1	0	0	0
1	0	0	0
1	0	0	0
1	0	0	0
1	0	0	0
1	0	0	0
1	0	0	0
1	0	0	0
1	0	0	0
1	0	0	0
1	0	0	0
1	0	0	0
1	0	0	0
1	0	0	0
1	0	0	0
1	0	0	0
1	0	0	0
1	0	0	0
1	0	0	0
1	0	0	0
1	0	0	0
1	0	0	0
1	0	0	0
1	0	0	0
1	0	0	0
1	0	0	0
1	0	0	0
1	0	0	0
1	0	0	0
1	0	0	0
1	0	0	0
1	0	0	0
1	0	0	0
1	0	0	0
1	0	0	0
1	0	0	0
1	0	0	0
1	0	0	0
kmer: XC
0.000161854	0.980777	9.52082e-05	0.0189655
0	1	0	0
0	1	0	0
0	1	0	0
0	1	0	0
0	1	0	0
0	1	0	0
0	1	0	0
0	1	0	0
0	1	0	0
0	1	0	0
0	1	0	0
0	1	0	0
0	1	0	0
0	1	0	0
0	1	0	0
0	1	0	0
0	1	0	0
0	1	0	0
0	1	0	0
0	1	0	0
0	1	0	0
0	1	0	0
0	1	0	0
0	1	0	0
0	1	0	0
0	1	0	0
0	1	0	0
0	1	0	0
0	1	0	0
0	1	0	0
0	1	0	0
0	1	0	0
0	1	0	0
0	1	0	0
0	1	0	0
0	1	0	0
0	1	0	0
0	1	0	0
0	1	0	0
0	1	0	0
0	1	0	0
0	1	0	0
0	1	0	0
0	1	0	0
0	1	0	0
0	1	0	0
0	1	0	0
0	1	0	0
0	1	0	0
0.000180591	0.981038	0.000171086	0.0186104
0	1	0	0
0	1	0	0
0	1	0	0
0	1	0	0
0	1	0	0
0	1	0	0
0	1	0	0
0	1	0	0
0	1	0	0
0	1	0	0
0	1	0	0
0	1	0	0
0	1	0	0
0	1	0	0
0	1	0	0
0	1	0	0
0	1	0	0
0	1	0	0
0	1	0	0
0	1	0	0
0	1	0	0
0	1	0	0
0	1	0	0
0	1	0	0
0	1	0	0
0	1	0	0
0	1	0	0
0	1	0	0
0	1	0	0
0	1	0	0
0	1	0	0
0	1	0	0
0	1	0	0
0	1	0	0
0	1	0	0
0	1	0	0
0	1	0	0
0	1	0	0
0	1	0	0
0	1	0	0
0	1	0	0
0	1	0	0
0	1	0	0
0	1	0	0
0	1	0	0
0	1	0	0
0	1	0	0
0	1	0	0
0	1	0	0
kmer: XT
0.0183232	0.000202094	0.981263	0.000211718
0	0	1	0
0	0	1	0
0	0	1	0
0	0	1	0
0	0	1	0
0	0	1	0
0	0	1	0
0	0	1	0
0	0	1	0
0	0	1	0
0	0	1	0
0	0	1	0
0	0	1	0
0	0	1	0
0	0	1	0
0	0	1	0
0	0	1	0
0	0	1	0
0	0	1	0
0	0	1	0
0	0	1	0
0	0	1	0
0	0	1	0
0	0	1	0
0	0	1	0
0	0	1	0
0	0	1	0
0	0	1	0
0	0	1	0
0	0	1	0
0	0	1	0
0	0	1	0
0	0	1	0
0	0	1	0
0	0	1	0
0	0	1	0
0	0	1	0
0	0	1	0
0	0	1	0
0	0	1	0
0	0	1	0
0	0	1	0
0	0	1	0
0	0	1	0
0	0	1	0
0	0	1	0
0	0	1	0
0	0	1	0
0	0	1	0
0.0187127	0.000190266	0.980897	0.000199779
0	0	1	0
0	0	1	0
0	0	1	0
0	0	1	0
0	0	1	0
0	0	1	0
0	0	1	0
0	0	1	0
0	0	1	0
0	0	1	0
0	0	1	0
0	0	1	0
0	0	1	0
0	0	1	0
0	0	1	0
0	0	1	0
0	0	1	0
0	0	1	0
0	0	1	0
0	0	1	0
0	0	1	0
0	0	1	0
0	0	1	0
0	0	1	0
0	0	1	0
0	0	1	0
0	0	1	0
0	0	1	0
0	0	1	0
0	0	1	0
0	0	1	0
0	0	1	0
0	0	1	0
0	0	1	0
0	0	1	0
0	0	1	0
0	0	1	0
0	0	1	0
0	0	1	0
0	0	1	0
0	0	1	0
0	0	1	0
0	0	1	0
0	0	1	0
0	0	1	0
0	0	1	0
0	0	1	0
0	0	1	0
0	0	1	0
kmer: XG
0.000180911	0.000218998	0.0181197	0.98148
0	0	0	1
0	0	0	1
0	0	0	1
0	0	0	1
0	0	0	1
0	0	0	1
0	0	0	1
0	0	0	1
0	0	0	1
0	0	0	1
0	0	0	1
0	0	0	1
0	0	0	1
0	0	0	1
0	0	0	1
0	0	0	1
0	0	0	1
0	0	0	1
0	0	0	1
0	0	0	1
0	0	0	1
0	0	0	1
0	0	0	1
0	0	0	1
0	0	0	1
0	0	0	1
0	0	0	1
0	0	0	1
0	0	0	1
0	0	0	1
0	0	0	1
0	0	0	1
0	0	0	1
0	0	0	1
0	0	0	1
0	0	0	1
0	0	0	1
0	0	0	1
0	0	0	1
0	0	0	1
0	0	0	1
0	0	0	1
0	0	0	1
0	0	0	1
0	0	0	1
0	0	0	1
0	0	0	1
0	0	0	1
0	0	0	1
0.000189887	0.000151909	0.0174601	0.982198
0	0	0	1
0	0	0	1
0	0	0	1
0	0	0	1
0	0	0	1
0	0	0	1
0	0	0	1
0	0	0	1
0	0	0	1
0	0	0	1
0	0	0	1
0	0	0	1
0	0	0	1
0	0	0	1
0	0	0	1
0	0	0	1
0	0	0	1
0	0	0	1
0	0	0	1
0	0	0	1
0	0	0	1
0	0	0	1
0	0	0	1
0	0	0	1
0	0	0	1
0	0	0	1
0	0	0	1
0	0	0	1
0	0	0	1
0	0	0	1
0	0	0	1
0	0	0	1
0	0	0	1
0	0	0	1
0	0	0	1
0	0	0	1
0	0	0	1
0	0	0	1
0	0	0	1
0	0	0	1
0	0	0	1
0	0	0	1
0	0	0	1
0	0	0	1
0	0	0	1
0	0	0	1
0	0	0	1
0	0	0	1
0	0	0	1
kmer: AA
0.981029	0.0188026	3.36361e-05	0.000134544
0.980687	0.0188857	0.000205093	0.000222184
0.98128	0.0183489	0.000252972	0.000118054
0.980252	0.0195281	0.000101709	0.00011866
0.98029	0.0194564	0.000118327	0.000135231
0.980826	0.018865	0.00012005	0.00018865
0.978897	0.0207964	0.00022142	8.51615e-05
0.980241	0.0194724	0.000151602	0.000134757
0.979079	0.0204629	0.000220762	0.000237743
0.979174	0.0206035	8.5634e-05	0.000137014
0.97926	0.0204524	0.000101585	0.000186239
0.979812	0.0199322	0.000119252	0.000136289
0.979431	0.0202983	0.000186223	8.46468e-05
0.979129	0.0205497	0.000236786	8.45666e-05
0.979143	0.0205522	0.000152364	0.000152364
0.97938	0.0203349	0.000134113	0.000150878
0.979537	0.0201928	0.000134844	0.000134844
0.980476	0.0190507	0.000236654	0.000236654
0.980292	0.019382	0.000154234	0.000171371
0.979744	0.0199644	0.000154231	0.000137094
0.980007	0.0197216	0.000169575	0.000101745
0.979966	0.01978	0.000152284	0.000101523
0.978855	0.0208727	0.000119175	0.000153225
0.97914	0.0204855	0.000204005	0.000170004
0.979303	0.0203919	0.00020358	0.00010179
0.979023	0.0207559	0.000101828	0.000118799
0.979332	0.020362	0.000135973	0.000169967
0.978789	0.020841	0.000168073	0.000201687
0.979289	0.0201548	0.000269855	0.000286721
0.979551	0.020145	0.000236602	6.76007e-05
0.979763	0.0198833	0.000185039	0.000168217
0.979271	0.0203736	0.000203059	0.000152295
0.980211	0.0194667	0.000169719	0.000152747
0.979043	0.020583	0.00025495	0.000118977
0.9797	0.019961	0.000237228	0.000101669
0.98032	0.0194941	0.000151771	3.37268e-05
0.978653	0.0208274	0.000335385	0.000184462
0.980732	0.0188429	0.00022128	0.000204259
0.980615	0.0190945	0.000188208	0.000102659
0.979511	0.0202165	0.000170172	0.000102103
0.979098	0.0205622	0.000118759	0.000220552
0.979596	0.020066	0.000219948	0.000118433
0.979685	0.020077	0.000118799	0.000118799
0.978843	0.0208671	0.000119338	0.000170483
0.978934	0.0207441	0.000254009	6.77358e-05
0.980135	0.0194602	0.000236291	0.000168779
0.979589	0.02	0.000222793	0.000188518
0.980829	0.0188292	0.000119713	0.000222325
0.9806	0.0191799	0.000118708	0.00010175
0.981311	0.018284	0.00018571	0.000219476
0.982016	0.01764	0.000172265	0.000172265
0.981537	0.0181686	0.000103919	0.000190519
0.980256	0.0194523	0.00015452	0.000137351
0.980112	0.0194724	0.000225015	0.000190397
0.979707	0.0197936	0.000275629	0.000223949
0.980306	0.019368	0.00013724	0.000188705
0.979122	0.0205848	0.000155162	0.000137922
0.979649	0.0200736	0.000138797	0.000138797
0.979177	0.0204962	0.000171948	0.000154754
0.978811	0.0208643	0.000171019	0.000153917
0.979331	0.0203223	0.000190414	0.000155793
0.97865	0.0209003	0.000207447	0.000242022
0.979725	0.0199312	0.000120378	0.00022356
0.980403	0.0193218	0.000172209	0.000103325
0.979556	0.0199962	0.000137668	0.000309752
0.978993	0.0206449	0.000172616	0.000189878
0.979424	0.0202654	0.000138212	0.000172765
0.97918	0.0205791	0.000103413	0.000137883
0.979279	0.0202389	0.000240939	0.000240939
0.979942	0.0196443	0.000103391	0.000310174
0.979439	0.0202699	0.000136843	0.000153949
0.979249	0.0203536	0.000155371	0.000241688
0.979372	0.0203174	0.000103397	0.000206793
0.979291	0.0203106	0.000155836	0.000242412
0.979405	0.0202674	0.000137991	0.000189737
0.979816	0.0197866	0.00017296	0.000224847
0.979472	0.0200957	0.000120955	0.000311026
0.979591	0.0199422	0.000190255	0.000276735
0.979106	0.0204799	0.000275824	0.000137912
0.979495	0.0201945	0.0001382	0.00017275
0.979554	0.0200168	0.000274673	0.000154504
0.9804	0.0193068	0.000103521	0.000189789
0.979633	0.0200217	0.000224188	0.000120717
0.978482	0.0212253	0.000241196	5.16849e-05
0.979314	0.0203769	0.000154761	0.000154761
0.979989	0.0195794	0.000120861	0.000310784
0.979744	0.0198265	0.000171807	0.00025771
0.979745	0.0198423	0.000154615	0.000257692
0.980285	0.0194742	0.000120211	0.000120211
0.979907	0.0196832	0.00013657	0.00027314
0.979553	0.0200842	0.000138036	0.000224308
0.978825	0.0208121	0.000155443	0.000207257
0.980138	0.0195673	0.000138899	0.000156261
0.979481	0.0201565	0.000172721	0.000189993
0.978486	0.0211878	0.00015453	0.0001717
0.98007	0.0195176	0.000171659	0.000240323
0.980111	0.0196116	0.000121273	0.000155922
0.97997	0.0197017	0.000138258	0.000190104
0.9807	0.0190062	0.000120948	0.000172783
0.979804	0.0198337	0.000137974	0.000224208
kmer: AC
0.00031713	0.979794	9.06084e-05	0.0197979
0.00016151	0.982211	0.000138437	0.0174892
0.000298651	0.979048	0.000160812	0.0204921
0.000183087	0.979654	0.000228859	0.0199336
0.000341538	0.98051	0.000250461	0.0188984
0.000160908	0.979657	0.000137922	0.0200446
0.000252294	0.978142	0.000183486	0.021422
0.000138405	0.979724	0.000115338	0.0200226
0.00030012	0.980261	0.00030012	0.0191384
0.000229827	0.978925	9.19308e-05	0.0207534
0.00011525	0.979324	0.0001383	0.0204223
0.000182874	0.979792	0.000160015	0.0198647
0.000228822	0.979841	0.000228822	0.0197016
0.000183739	0.979972	0.000183739	0.0196601
0.000161719	0.980594	0.000207924	0.0190366
0.000207727	0.980127	0.000207727	0.0194571
0.000229095	0.979267	0.000160367	0.0203436
0.000207541	0.979822	6.91802e-05	0.0199008
0.000182899	0.980521	0.000160037	0.0191358
0.000276421	0.980466	0.000161246	0.0190961
0.00023116	0.980166	0.000138696	0.0194637
0.000252949	0.980431	0.000183963	0.0191322
0.000114895	0.979434	0.000114895	0.0203364
0.000160757	0.979814	0.000114826	0.0199109
0.000184817	0.979416	0.000115511	0.0202837
0.000298569	0.980386	0.000160768	0.0191544
0.000160161	0.979545	9.15206e-05	0.0202032
0.000185001	0.979187	0.000161876	0.0204657
0.000226948	0.979121	0.000158863	0.0204934
0.000204806	0.979542	0.00018205	0.020071
0.000114766	0.978195	0.000206578	0.0214842
0.000208943	0.979825	0.000116079	0.0198496
0.000275571	0.979585	0.000137785	0.0200018
0.000252531	0.980463	2.29574e-05	0.0192612
0.000252514	0.980212	0.000206602	0.0193288
0.0001844	0.978932	9.21999e-05	0.0207911
0.000183895	0.979289	0.000183895	0.0203434
0.000184141	0.980343	0.000115088	0.0193578
0.000160964	0.981075	0.000229948	0.0185338
0.000276409	0.978647	0.000161238	0.0209149
0.000276868	0.979604	0.000207651	0.0199114
0.000254535	0.979822	9.25583e-05	0.0198306
0.000160823	0.979047	0.000183798	0.0206084
0.000274367	0.979628	0.000160048	0.0199374
0.000206669	0.979471	0.000160742	0.0201617
0.00016212	0.980407	0.00016212	0.0192691
0.000319533	0.980212	0.000159766	0.0193089
6.92665e-05	0.981991	9.23553e-05	0.0178477
0.000184847	0.98066	6.93177e-05	0.0190855
0.000230033	0.981229	9.20132e-05	0.0184487
9.4353e-05	0.980422	4.71765e-05	0.0194367
0.000117145	0.980249	0.000187433	0.0194461
0.000188142	0.980927	0.000235178	0.0186496
4.73395e-05	0.979644	0.000189358	0.0201193
0.00011885	0.979106	0.00011885	0.020656
0.000140148	0.979585	0.00011679	0.0201579
7.02116e-05	0.979568	0.000117019	0.0202443
0.00014174	0.980204	0.000165363	0.0194893
9.46051e-05	0.979802	7.09539e-05	0.0200326
0.000118142	0.979656	9.45135e-05	0.0201314
0.000188978	0.979638	9.44889e-05	0.0200789
0.000211685	0.980525	2.35206e-05	0.0192398
0.000141513	0.979198	0.000212269	0.0204486
0.000259122	0.979624	0.000282679	0.0198346
9.42485e-05	0.979218	9.42485e-05	0.0205933
0.000117264	0.979854	0.000211074	0.0198175
0.000188439	0.978965	0.000188439	0.0206577
0.000118106	0.979095	0.000188969	0.0205976
0.000139665	0.979632	0.00018622	0.0200419
0.000236256	0.979966	0.000118128	0.0196801
0.000142494	0.980265	0.000142494	0.0194504
0.000165559	0.979991	0.000118256	0.0197252
0.000164947	0.979759	0.000141383	0.019935
9.48384e-05	0.979207	0.000165967	0.0205325
0.000118011	0.980292	0.000118011	0.0194718
0.000141938	0.980531	0.000141938	0.0191853
0.00018812	0.979824	0.000211635	0.0197761
0.000118125	0.980509	2.3625e-05	0.0193489
0.000118212	0.979928	0.000141854	0.0198123
0.000140509	0.979088	0.000117091	0.0206548
0.000141316	0.980004	0.000235527	0.0196194
0.000188853	0.97866	0.000118033	0.0210335
0.000259526	0.979969	4.71865e-05	0.019724
7.03004e-05	0.978863	0.000117167	0.0209495
7.05484e-05	0.979517	0.000188129	0.0202239
0.000117006	0.979618	0.00021061	0.0200548
0.000210723	0.978319	7.02412e-05	0.0214001
9.43085e-05	0.980997	0.000117886	0.018791
9.32749e-05	0.980506	0.000139912	0.0192613
0.000141576	0.98025	0.000165172	0.0194431
0.000117423	0.979404	0.000117423	0.0203612
0.000164563	0.979054	9.40358e-05	0.0206879
0.000117672	0.978913	0.000188275	0.0207809
0.000118092	0.98042	9.44733e-05	0.019367
0.0001411	0.979635	0.000188133	0.0200362
0.000165457	0.980027	9.4547e-05	0.019713
0.000118206	0.980661	0.000141847	0.0190785
9.39452e-05	0.979473	0.000234863	0.0201982
0.000211889	0.981024	4.70865e-05	0.0187169
0.000189251	0.980862	0.000141938	0.0188068
kmer: AT
0.0194255	9.16296e-05	0.980345	0.000137444
0.0195255	0.000157282	0.980115	0.00020222
0.0192661	0.000113464	0.980484	0.000136156
0.0197028	9.09008e-05	0.980025	0.000181802
0.0203471	0.000226583	0.979268	0.000158608
0.0202645	0.000135397	0.97951	9.02649e-05
0.0195584	9.01307e-05	0.980171	0.000180261
0.0187701	0.000181135	0.98089	0.000158493
0.0202996	0.000381739	0.979094	0.000224553
0.0197316	0.000271536	0.979771	0.00022628
0.0200396	0.000273268	0.979482	0.000204951
0.0205786	0.000249027	0.979127	4.52776e-05
0.0206391	6.80411e-05	0.979089	0.000204123
0.0213538	0.000249354	0.97817	0.000226685
0.0202157	0.000248739	0.979309	0.000226127
0.0211062	0.000228175	0.978346	0.000319445
0.0199194	0.000270094	0.97963	0.000180063
0.0194744	0.000270477	0.979917	0.000338097
0.0199413	0.000203023	0.979743	0.00011279
0.0210063	0.000228081	0.978629	0.000136849
0.0196852	0.000273723	0.979881	0.000159672
0.0204012	0.00020356	0.979101	0.000294031
0.0193445	0.000203864	0.980248	0.000203864
0.0214463	0.000113955	0.978235	0.000205119
0.0208381	0.000113374	0.978913	0.000136048
0.0196964	0.000363067	0.979804	0.00013615
0.0196475	0.000136441	0.980102	0.000113701
0.0196293	0.000136631	0.980029	0.000204946
0.0198963	0.000248987	0.979651	0.000203717
0.0203741	0.000135376	0.97931	0.000180501
0.0204913	0.000134959	0.979306	6.74794e-05
0.0209367	0.00018127	0.978837	4.53176e-05
0.018882	0.000226132	0.980734	0.000158292
0.0193329	0.000181529	0.980259	0.000226912
0.0199188	0.000226865	0.979764	9.07462e-05
0.0207133	6.75432e-05	0.979084	0.000135086
0.0196579	0.000203358	0.979958	0.000180762
0.0207159	0.000226403	0.978877	0.000181123
0.0207937	0.000158385	0.978799	0.000248891
0.0196267	0.000251331	0.979916	0.000205634
0.0199464	0.000225129	0.979671	0.00015759
0.0192111	0.000158957	0.980426	0.000204374
0.0198108	0.000204704	0.979825	0.000159214
0.0196271	0.000113978	0.980168	9.11826e-05
0.0202364	0.000248161	0.979357	0.000157921
0.0196634	0.000157307	0.979977	0.000202252
0.0198311	0.00017967	0.979854	0.000134753
0.0192827	0.000136113	0.9804	0.000181484
0.0167703	0.000180811	0.982936	0.000113007
0.0186178	0.000135731	0.98102	0.000226219
0.0182752	0.000363686	0.981225	0.000136382
0.0192409	0.000137108	0.980508	0.000114257
0.0193452	0.00022626	0.980315	0.00011313
0.020528	6.77491e-05	0.979314	9.03322e-05
0.0200705	0.000227557	0.979588	0.000113779
0.0202757	0.000113908	0.97936	0.000250598
0.020275	0.000181839	0.979475	6.81896e-05
0.0197486	0.000158532	0.979889	0.000203827
0.0197753	9.13409e-05	0.980019	0.000114176
0.0206608	0.000250296	0.978998	9.10167e-05
0.0200954	9.00131e-05	0.979612	0.000202529
0.0198168	0.000158716	0.979911	0.000113368
0.0203825	0.000182598	0.979229	0.000205423
0.0209699	0.000203371	0.978623	0.000203371
0.0204617	0.000158267	0.979244	0.000135658
0.0193957	0.000181057	0.98022	0.000203689
0.0206347	9.06023e-05	0.979161	0.000113253
0.0200131	0.000113196	0.97967	0.000203754
0.0202961	0.000180811	0.979478	4.52028e-05
0.0205841	0.000224472	0.979102	8.97888e-05
0.0197603	0.000136435	0.979967	0.000136435
0.0198969	6.75235e-05	0.979923	0.000112539
0.019301	0.000181443	0.980404	0.000113402
0.0204272	0.000136637	0.979413	2.27728e-05
0.0206914	0.000249841	0.978923	0.000136277
0.0221916	0.000135728	0.977582	9.04855e-05
0.0191561	0.000136181	0.980458	0.000249665
0.0213088	0.000203156	0.978353	0.000135437
0.0193862	0.000113502	0.980387	0.000113502
0.0200839	9.11868e-05	0.979711	0.000113983
0.0193812	0.000272016	0.980052	0.000294684
0.0208296	0.000135993	0.979012	2.26655e-05
0.0207025	0.000182	0.979047	6.82501e-05
0.0204579	9.10249e-05	0.979383	6.82687e-05
0.0209584	0.000228305	0.978676	0.000136983
0.0209983	4.5255e-05	0.978934	2.26275e-05
0.0197337	0.000136565	0.979902	0.000227609
0.0189349	0.000267947	0.980529	0.000267947
0.0203322	0.000158845	0.979373	0.000136153
0.0199604	0.000136715	0.97988	2.27858e-05
0.0202198	0.000113086	0.979554	0.000113086
0.0205748	0.000181476	0.979085	0.000158791
0.0196149	0.000112859	0.980182	9.02873e-05
0.0213583	9.08864e-05	0.97846	9.08864e-05
0.0198112	0.000112948	0.979873	0.000203307
0.0192116	0.000135931	0.980471	0.000181242
0.0203034	0.000203486	0.979335	0.000158267
0.018736	0.000202918	0.980971	9.01856e-05
0.0185018	6.76072e-05	0.981318	0.000112679
0.0194568	0.000136699	0.980247	0.000159482
kmer: AG
3.12666e-05	0.000125066	0.0184786	0.981365
0.000141188	0.0001255	0.0179622	0.981771
0.000188076	0.000203749	0.019889	0.979719
0.000172744	0.000172744	0.0198499	0.979805
0.000218928	0.000125102	0.0206418	0.979014
0.000124644	0.000140224	0.0197872	0.979948
3.14263e-05	0.000125705	0.0203485	0.979494
7.89266e-05	0.000126283	0.019779	0.980016
0.000109541	0.000187785	0.0199991	0.979704
0.000141367	0.00018849	0.0199171	0.979753
6.27924e-05	0.000188377	0.0192773	0.980472
0.000110078	0.00017298	0.0204274	0.97929
0.000172766	0.000141354	0.0198052	0.979881
0.000110297	0.000189081	0.0205152	0.979185
0.000283335	0.00018889	0.020227	0.979301
0.000140973	0.000156637	0.0201748	0.979528
0.000187911	9.39555e-05	0.0206859	0.979032
0.00011008	0.000188709	0.0205693	0.979132
0.000157786	0.000126229	0.0204017	0.979314
0.000141737	9.44912e-05	0.0194179	0.980346
0.000157099	0.000219939	0.0201244	0.979499
7.85102e-05	0.000109914	0.0207581	0.979053
0.00017223	0.000203545	0.0195873	0.980037
0.0001894	0.000220967	0.021418	0.978172
0.000171773	0.000171773	0.0203161	0.97934
0.000218682	0.000140581	0.0197126	0.979928
0.000141514	0.00012579	0.0202679	0.979465
0.000125638	0.000235571	0.0198508	0.979788
0.000156769	0.000109739	0.0194707	0.980263
0.000110367	9.45999e-05	0.0204336	0.979361
0.00020465	0.000157423	0.0204335	0.979204
0.000172695	0.000156996	0.020378	0.979292
0.00011008	0.000172983	0.0211039	0.978613
0.000125559	0.000204034	0.0200424	0.979628
9.44034e-05	0.000141605	0.0203282	0.979436
0.00014171	0.000173201	0.019304	0.980381
0.000156094	0.000218531	0.0197147	0.979911
6.269e-05	0.000172398	0.0200295	0.979735
0.000171548	0.000155953	0.0200555	0.979617
0.000158048	0.000142243	0.0193925	0.980307
9.40985e-05	0.000109782	0.0198705	0.979926
6.28555e-05	6.28555e-05	0.0202709	0.979603
6.27943e-05	0.000141287	0.0199058	0.97989
0.000125824	9.43678e-05	0.0187949	0.980985
9.38938e-05	0.000109543	0.0197646	0.980032
0.000142351	0.000158168	0.0198817	0.979818
7.85361e-05	0.000109951	0.0202152	0.979596
0.000172311	0.000109653	0.0197688	0.979949
0.000125707	0.000109994	0.0177876	0.981977
0.000158083	0.000126466	0.0181795	0.981536
0.000188816	0.000251754	0.0200774	0.979482
0.000125905	0.000157381	0.0188857	0.980831
6.30239e-05	0.00023634	0.0205931	0.979108
0.000110353	0.00023647	0.0195797	0.980073
0.000172885	0.000141452	0.0196775	0.980008
0.000298175	0.000156934	0.020935	0.97861
9.41309e-05	0.000141196	0.0202852	0.979479
0.000141281	0.000172676	0.0204857	0.9792
0.000219981	0.000204268	0.0197668	0.979809
0.000141501	0.000251557	0.0202975	0.979309
0.000219202	0.000250517	0.0199161	0.979614
0.000220005	0.000188575	0.020649	0.978942
0.000221043	0.000189466	0.0206044	0.978985
3.13932e-05	7.84831e-05	0.0192441	0.980646
0.00022066	0.000173376	0.0197648	0.979841
0.000110389	0.000189239	0.0203747	0.979326
0.000140869	0.000281739	0.0199721	0.979605
0.000189248	0.000236559	0.0204072	0.979167
0.000125237	0.000297437	0.0199283	0.979649
0.000204828	4.72679e-05	0.0208294	0.978919
0.000157537	0.000267814	0.0196764	0.979898
0.000188956	0.000173209	0.02036	0.979278
0.000141523	0.000172972	0.0201434	0.979542
0.000203711	0.000266391	0.020089	0.979441
0.000110259	0.000236269	0.0200513	0.979602
0.000266729	0.00020397	0.0203499	0.979179
0.000220751	0.000157679	0.0200252	0.979596
0.000156282	0.000234423	0.0214419	0.978167
7.86361e-05	0.000377453	0.0186682	0.980876
0.000140268	0.000249365	0.0199959	0.979614
0.000188085	0.000203759	0.0201721	0.979436
0.000219963	0.000141405	0.0207708	0.978868
0.000220289	0.000188819	0.0202665	0.979324
0.000157122	0.000125697	0.0191845	0.980533
0.000172576	0.000141199	0.0201443	0.979542
0.00018884	0.00018884	0.0192774	0.980345
0.000141795	0.000141795	0.0203554	0.979361
7.87575e-05	0.000299279	0.0199887	0.979633
0.000110247	0.000204744	0.0200019	0.979683
0.000109668	0.000188002	0.0204923	0.97921
0.000157043	0.00021986	0.0201014	0.979522
0.000204242	0.000109976	0.0199372	0.979749
0.000266893	0.000235494	0.0206292	0.978868
0.000109503	0.00018772	0.0202425	0.97946
0.000110099	0.000141556	0.0205414	0.979207
0.000203558	0.000187899	0.0189622	0.980646
0.000157131	0.000172845	0.01994	0.97973
0.00012608	0.000330959	0.0191168	0.980426
0.000109732	0.000109732	0.0183095	0.981471
0.000281897	0.000266237	0.0187305	0.980721
kmer: CA
0.981526	0.0181719	0.000181116	0.000120744
0.981746	0.0180568	7.57415e-05	0.000121186
0.981159	0.0185831	0.000136417	0.00012126
0.978863	0.0208653	0.000135587	0.000135587
0.980366	0.0195288	6.04138e-05	4.53104e-05
0.979488	0.0202854	0.000120567	0.000105496
0.979806	0.0199201	0.000121557	0.000151946
0.97956	0.0202287	0.000105593	0.000105593
0.980699	0.0190892	7.57507e-05	0.000136351
0.979761	0.0200115	0.000121374	0.000106202
0.979202	0.020511	0.000135835	0.000150927
0.979276	0.0204686	0.000120227	0.000135255
0.979452	0.020199	0.000106151	0.00024263
0.978626	0.0211155	0.00015202	0.000106414
0.979418	0.0203543	7.58921e-05	0.000151784
0.979616	0.0200498	9.11355e-05	0.000243028
0.980496	0.0192316	0.00015143	0.000121144
0.979388	0.0203225	0.000137314	0.000152572
0.979597	0.02013	0.00013632	0.00013632
0.979683	0.0200445	0.000105976	0.000166533
0.980247	0.0194946	0.000106362	0.000151946
0.979404	0.02034	7.52774e-05	0.000180666
0.979581	0.0201153	0.000151699	0.000151699
0.979456	0.0202709	0.000136351	0.000136351
0.979204	0.0205686	0.00012117	0.000106024
0.979544	0.0201979	0.00013678	0.000121582
0.98066	0.0191265	7.61406e-05	0.000137053
0.979899	0.019889	6.04988e-05	0.000151247
0.979534	0.0202072	0.000121547	0.000136741
0.979599	0.0200847	9.04718e-05	0.00022618
0.979976	0.0197836	9.00617e-05	0.000150103
0.979925	0.0198166	0.000121481	0.000136666
0.979334	0.0204066	0.000106681	0.000152402
0.979918	0.0197178	0.000136403	0.000227338
0.979601	0.0200217	0.000180919	0.000195996
0.979827	0.0198532	0.000182698	0.000137024
0.979457	0.0202846	6.0687e-05	0.000197233
0.97925	0.0204479	0.000105713	0.000196324
0.979538	0.0202029	0.000152131	0.000106491
0.979491	0.0202071	0.000105796	0.000196479
0.979877	0.019698	0.000166932	0.000257986
0.980347	0.0193479	0.000137436	0.000167977
0.978851	0.0208311	0.000181799	0.000136349
0.97957	0.0201565	6.06667e-05	0.000212334
0.979474	0.0202547	0.000135634	0.000135634
0.978835	0.0207864	0.000166412	0.000211797
0.980028	0.0197608	9.05073e-05	0.000120676
0.979466	0.0202165	0.000120786	0.000196277
0.981667	0.0179838	0.000121512	0.000227835
0.981315	0.018366	0.000121529	0.000197484
0.981442	0.0182814	0.000153884	0.000123107
0.981367	0.0183101	0.000138364	0.000184485
0.981224	0.0185285	0.000108264	0.000139196
0.979658	0.0200636	0.000123564	0.000154454
0.98048	0.0193348	6.16741e-05	0.000123348
0.979411	0.020252	0.000229963	0.000107316
0.980191	0.0195921	0.000108415	0.000108415
0.978819	0.0209971	9.20923e-05	9.20923e-05
0.979154	0.0205054	0.000170105	0.000170105
0.980394	0.0193129	0.000138831	0.000154257
0.980472	0.0191894	0.000169137	0.000169137
0.97895	0.0208346	6.15044e-05	0.000153761
0.980709	0.0189181	0.000170993	0.000202083
0.98026	0.019493	0.000138686	0.000107867
0.979777	0.0199769	7.70119e-05	0.000169426
0.979984	0.0196454	0.00023185	0.00013911
0.979236	0.0203953	0.000168937	0.000199653
0.979212	0.0205579	7.6766e-05	0.000153532
0.980795	0.0189593	9.22594e-05	0.000153766
0.980642	0.0191113	0.000138711	0.000107887
0.979562	0.0200681	0.000200219	0.000169416
0.980058	0.0197396	9.33315e-05	0.000108887
0.979979	0.019712	0.000169931	0.000139035
0.979492	0.0202921	6.1819e-05	0.000154548
0.979644	0.0200926	0.000139317	0.000123837
0.979981	0.0197886	9.21829e-05	0.000138274
0.979472	0.0201885	0.000138805	0.000200497
0.980091	0.0196472	0.00018506	7.71081e-05
0.981054	0.0186689	9.22679e-05	0.000184536
0.979163	0.020498	0.000169278	0.000169278
0.980111	0.0194543	0.000139847	0.000295233
0.979102	0.0206827	6.15555e-05	0.000153889
0.980037	0.0196069	0.000154873	0.000201335
0.978716	0.0209312	0.000168924	0.000184281
0.978909	0.0207053	0.000247043	0.000138962
0.978783	0.0209722	0.000153193	9.1916e-05
0.980476	0.019324	0.000123083	7.69266e-05
0.979579	0.0201294	9.21956e-05	0.000199757
0.978802	0.020936	7.69704e-05	0.000184729
0.98082	0.0189804	0.000169057	3.07375e-05
0.979092	0.0205373	0.000185159	0.000185159
0.978456	0.0213298	0.000168675	4.60024e-05
0.979766	0.019958	0.000153405	0.000122724
0.979179	0.0205744	0.0001232	0.0001232
0.979217	0.0205045	9.28505e-05	0.000185701
0.979658	0.020111	0.000123381	0.000107958
0.980397	0.019295	0.000107793	0.000200188
0.98072	0.0190357	0.00012222	0.00012222
0.980584	0.0190909	0.000154708	0.000170179
0.980444	0.0191857	0.000154226	0.000215916
kmer: CC
9.3838e-05	0.980669	6.25586e-05	0.0191742
7.76627e-05	0.981749	0.00018639	0.0179867
0.000170131	0.981471	0.000108265	0.0182504
0.000248876	0.979608	0.000155548	0.0199879
0.000139873	0.979221	0.000155415	0.0204837
9.3243e-05	0.979424	0.000170945	0.0203114
0.000203411	0.979925	0.000125176	0.0197465
0.000108426	0.978965	0.000139405	0.0207869
0.000124916	0.977702	0.000249832	0.0219228
0.000248366	0.980177	0.000170752	0.0194036
0.000296324	0.979881	0.000202748	0.0196198
0.000184513	0.979104	0.000153761	0.0205578
0.000155159	0.980062	0.000139643	0.0196431
0.000325935	0.979839	0.000170728	0.0196648
0.00017098	0.979405	0.000264242	0.0201601
0.000155116	0.979571	0.000170627	0.020103
0.000108457	0.979843	0.000201419	0.0198475
0.000185297	0.979988	0.000200738	0.019626
0.000186541	0.979247	0.000108816	0.0204573
0.000124572	0.978527	0.000109	0.0212395
0.00017044	0.978773	0.000154945	0.0209021
0.000154607	0.979978	0.000154607	0.0197124
0.000155248	0.978995	0.000217347	0.0206325
0.000123856	0.979347	0.00023223	0.0202969
0.000109067	0.97948	0.000124647	0.0202864
0.000125033	0.980354	0.000156292	0.0193645
0.00023284	0.980255	0.00023284	0.0192791
0.00015549	0.979926	0.000139941	0.0197783
0.000108314	0.980302	7.7367e-05	0.019512
0.000108519	0.979971	0.000124021	0.0197969
9.29872e-05	0.979357	6.19915e-05	0.0204882
0.000280095	0.978868	0.00018673	0.0206648
9.33968e-05	0.980029	0.000233492	0.0196445
0.000124543	0.978625	0.000249085	0.021001
0.000202291	0.979335	0.000248973	0.0202135
0.000139416	0.980079	0.000170397	0.0196112
0.000139429	0.978884	0.000139429	0.0208369
0.000233281	0.978274	0.000171073	0.0213219
0.000186477	0.979752	0.000217557	0.0198443
0.000186486	0.979518	0.000139864	0.020156
0.000218829	0.979727	0.000140676	0.0199134
0.000169724	0.980219	0.000108006	0.0195029
0.000202017	0.978369	0.000139858	0.0212895
0.000155113	0.979773	0.000248181	0.0198235
0.000218055	0.979721	0.000155754	0.0199053
0.000170105	0.979495	0.000231961	0.0201033
9.30882e-05	0.979738	0.000217206	0.0199519
7.77242e-05	0.980911	0.000108814	0.0189025
0.000200324	0.980676	0.000277371	0.0188458
0.000155412	0.98003	0.00012433	0.0196907
9.2908e-05	0.981325	0.000154847	0.0184268
0.000185506	0.980568	0.000108212	0.019138
0.000108135	0.980675	0.00013903	0.0190781
0.000247659	0.980002	0.000123829	0.019627
0.000200813	0.97995	0.000185365	0.0196642
0.000139582	0.979916	0.000124073	0.0198207
0.000154481	0.979083	0.000139033	0.0206232
0.000123841	0.978932	0.000232202	0.0207124
0.000201716	0.979316	9.30998e-05	0.0203888
0.000217936	0.979779	0.000202369	0.0198011
0.00010909	0.979164	4.6753e-05	0.0206804
0.000140471	0.978851	0.000124863	0.0208834
0.000154859	0.979775	0.000154859	0.0199148
0.000124916	0.980138	9.36871e-05	0.0196431
9.38277e-05	0.980312	0.000203293	0.0193911
0.000280186	0.980185	0.000140093	0.0193951
0.000124863	0.979288	0.000140471	0.0204464
0.000185145	0.979588	0.000154288	0.0200728
0.000155523	0.979969	0.000139971	0.0197359
0.000156568	0.981024	9.39408e-05	0.0187255
0.000156372	0.979406	0.000187647	0.0202502
0.00026434	0.979366	0.000139945	0.0202298
0.000124	0.979369	6.20001e-05	0.0204445
0.000201967	0.97971	0.000139823	0.0199481
0.00015595	0.98099	0.000140355	0.018714
0.000185351	0.979488	0.000139013	0.0201878
9.34783e-05	0.979404	0.000218116	0.0202848
7.81494e-05	0.979853	0.000140669	0.0199281
0.00012439	0.979569	0.00012439	0.0201822
0.000125435	0.978911	0.000141114	0.0208222
0.000201851	0.97983	0.00015527	0.0198124
0.000157035	0.979256	9.42211e-05	0.0204931
0.000201848	0.979443	0.000217374	0.0201382
6.23694e-05	0.978576	0.000109146	0.0212524
0.000171551	0.97971	7.79776e-05	0.0200402
0.000187289	0.980069	0.00012486	0.0196186
6.19502e-05	0.979154	0.000170363	0.0206139
0.000140362	0.979601	0.000155958	0.0201029
0.000249043	0.979329	0.000171217	0.0202503
0.000338196	0.979524	6.14902e-05	0.0200766
0.000154856	0.980209	0.000170342	0.0194654
0.000170648	0.980236	0.000232702	0.0193608
0.000123841	0.980077	0.000154801	0.0196443
7.84424e-05	0.979291	0.000109819	0.0205205
0.000139446	0.980447	4.64821e-05	0.0193675
0.00015472	0.979964	0.000108304	0.0197732
0.000186553	0.979526	0.000124368	0.0201632
0.000155371	0.979646	0.00010876	0.0200895
0.000110039	0.981356	7.85991e-05	0.0184551
0.000123912	0.981212	0.000170379	0.0184939
kmer: CT
0.0192896	0.000126076	0.980458	0.000126076
0.0175176	0.000189379	0.982104	0.000189379
0.0192025	9.49833e-05	0.980528	0.000174136
0.0199059	0.000221001	0.979731	0.000142072
0.0201847	0.000188789	0.979406	0.000220254
0.0202668	0.000157107	0.979498	7.85534e-05
0.0205509	0.000157478	0.97915	0.00014173
0.020017	0.000110156	0.9797	0.000173103
0.020775	0.000173916	0.979004	4.74316e-05
0.0196915	0.000220368	0.979931	0.000157406
0.0208843	0.000188147	0.978771	0.000156789
0.0198062	0.000236351	0.979847	0.000110297
0.0195328	0.00014177	0.980184	0.00014177
0.020132	0.000220538	0.979506	0.000141775
0.0202276	0.00017195	0.979507	9.3791e-05
0.0200803	0.00012639	0.97962	0.000173787
0.0199789	0.000267856	0.979517	0.000236343
0.020474	9.435e-05	0.979337	9.435e-05
0.0204839	0.000109623	0.979281	0.000125284
0.0204367	0.000157085	0.979218	0.000188501
0.018766	0.000219302	0.980795	0.000219302
0.0198348	0.000141902	0.979897	0.000126135
0.0192119	0.000268588	0.980377	0.000142194
0.0204713	0.000171765	0.979154	0.000202995
0.0200376	0.000142335	0.979709	0.000110705
0.0205761	0.000205287	0.979092	0.00012633
0.0207936	0.000189176	0.978875	0.000141882
0.0211841	0.000125535	0.978471	0.000219687
0.0201969	0.000173567	0.979456	0.000173567
0.0183622	0.00023622	0.981181	0.000220472
0.0198119	9.43426e-05	0.979826	0.000267304
0.0210705	0.000219811	0.978443	0.000266914
0.0201432	0.000172298	0.979575	0.000109644
0.0202919	0.000236135	0.979315	0.000157423
0.0190567	0.000188525	0.980598	0.000157104
0.0203162	0.000157612	0.979321	0.000204895
0.0201811	0.000157173	0.979567	9.4304e-05
0.0200519	0.00025183	0.979523	0.000173133
0.0201406	0.000157225	0.979545	0.000157225
0.020137	0.000189376	0.979516	0.000157813
0.0201156	0.000110266	0.979506	0.000267788
0.0211619	0.000203179	0.978494	0.000140662
0.0200706	0.000173294	0.97963	0.000126032
0.0203307	0.000188103	0.979262	0.000219453
0.0208758	9.47463e-05	0.978761	0.000268448
0.0198347	0.000187858	0.979884	9.39291e-05
0.0199403	0.000126304	0.979775	0.000157881
0.0192808	0.000125404	0.980343	0.000250807
0.0186467	0.000281814	0.980931	0.000140907
0.0189168	0.000282575	0.980644	0.000156986
0.0183954	0.000124293	0.981418	6.21465e-05
0.0178787	0.000203701	0.981683	0.00023504
0.0189058	0.000125412	0.980749	0.00021947
0.0202791	0.000156113	0.979393	0.000171725
0.0197522	0.000157639	0.979917	0.000173403
0.0209707	0.000109876	0.978762	0.000156966
0.0203909	7.83061e-05	0.979359	0.000172273
0.0193013	9.40763e-05	0.980385	0.000219511
0.0199715	0.000140865	0.979809	7.82583e-05
0.0207007	9.4094e-05	0.979142	6.27294e-05
0.0199849	7.86188e-05	0.979748	0.000188685
0.0198987	0.000125445	0.979725	0.00025089
0.0211531	9.38747e-05	0.978518	0.000234687
0.0197047	7.83797e-05	0.980045	0.000172435
0.0193372	0.000109782	0.980286	0.000266612
0.0207203	0.000172538	0.978982	0.000125482
0.0198869	9.45492e-05	0.979908	0.000110307
0.0202972	0.000141389	0.979451	0.00010997
0.0196723	7.86894e-05	0.980092	0.000157379
0.0211427	0.000109548	0.978607	0.000140847
0.0205591	0.00020496	0.979063	0.000173428
0.0211975	0.000203822	0.97852	7.83933e-05
0.0191715	7.85719e-05	0.980624	0.000125715
0.0195416	9.37998e-05	0.980255	0.000109433
0.0206189	9.44376e-05	0.979145	0.000141656
0.0203367	0.000109928	0.979396	0.00015704
0.0201897	0.000125402	0.97945	0.000235128
0.0210239	0.000141205	0.978662	0.000172584
0.0200357	0.000172047	0.979714	7.82032e-05
0.0203341	0.000204284	0.979336	0.000125713
0.0211372	0.000141019	0.978581	0.000141019
0.0202157	0.000125563	0.979518	0.000141258
0.0212793	0.000126193	0.978437	0.000157741
0.019456	0.000125624	0.980371	4.71091e-05
0.0197101	0.000250685	0.979898	0.000141011
0.0196566	0.000220153	0.97995	0.000172978
0.0199331	0.000157823	0.979751	0.000157823
0.02102	6.29812e-05	0.978791	0.000125962
0.0195891	0.000109611	0.980176	0.00012527
0.0208857	0.000142187	0.978909	6.31941e-05
0.0198006	0.000219137	0.979855	0.000125221
0.020513	0.000219894	0.979126	0.000141361
0.0199386	9.35352e-05	0.979765	0.00020266
0.0197106	0.000109852	0.980023	0.000156932
0.0191953	9.45582e-05	0.980616	9.45582e-05
0.0194595	0.000188318	0.980289	6.27727e-05
0.0199928	0.000157423	0.979724	0.000125939
0.0189847	0.00012604	0.980763	0.00012604
0.0188393	0.000124971	0.980911	0.000124971
0.017829	7.87501e-05	0.981887	0.00020475
kmer: CG
0.000365497	0	0.0186404	0.980994
0.000296507	0.000177904	0.0187393	0.980786
0.000236658	0.000532481	0.0208851	0.978346
5.96374e-05	0.000298187	0.0189051	0.980737
0	5.97514e-05	0.0187022	0.981238
0.000178327	5.94424e-05	0.0222909	0.977471
0.000118085	0.000295212	0.0190116	0.980575
0.000416493	0.000178497	0.0177307	0.981674
0.00017548	0.000467946	0.0184839	0.980873
0.000302316	0.000302316	0.0196505	0.979745
0.000179137	0.000477697	0.0208396	0.978504
0.000178147	0.000178147	0.0194774	0.980166
0.000117765	0.000294412	0.0209621	0.978626
0.000234976	0.000117488	0.0204429	0.979205
0.000293186	0.000234549	0.0190571	0.980415
0.000179308	0.000179308	0.018648	0.980993
0.000299545	0.000179727	0.0197699	0.979751
0.000299312	0.000419036	0.0192757	0.980006
0	0.000177033	0.0199457	0.979877
0.000177002	0.000236002	0.0201192	0.979468
0.000119546	0.000358637	0.019486	0.980036
0	0.000361795	0.0209841	0.978654
0.000119232	0.00029808	0.0203887	0.979194
0.000238621	0.000238621	0.0196862	0.979837
0.000178923	0.000298205	0.0203376	0.979185
0.000237121	0.000237121	0.0200368	0.979489
0.000178816	0.000298027	0.0180604	0.981463
6.01504e-05	0.000300752	0.0190075	0.980632
0.000119739	0.000179608	0.0184997	0.981201
0.00023965	0.000299563	0.0196513	0.979809
0.00023892	0.00023892	0.0186955	0.980827
0.000237375	0.000237375	0.0190493	0.980476
0.000117268	0.000234535	0.0195837	0.980064
0.000358423	0.000238949	0.0213262	0.978076
0.000298704	0.000358444	0.019356	0.979987
0.00029723	0.000535014	0.0218167	0.977351
0.000178891	0.000298151	0.0190221	0.980501
0.000121389	0.000303472	0.018269	0.981306
0.000177641	5.92136e-05	0.0207248	0.979038
0.000237121	0.000118561	0.018614	0.98103
0.000118603	0.000237206	0.0180276	0.981617
5.95132e-05	0.000297566	0.0186871	0.980956
0.000181039	0.000181039	0.0185263	0.981112
0.000177915	0.00035583	0.019452	0.980014
0.000240284	0.000180213	0.0210248	0.978555
0.000238592	0.000119296	0.0192663	0.980376
0.000118934	0.00041627	0.0187322	0.980733
0.000296086	0.000177651	0.0197193	0.979807
5.92171e-05	0.000177651	0.0189495	0.980814
0.000234563	0.000117281	0.0206415	0.979007
0.000363813	0	0.0206161	0.97902
0.000118406	5.92031e-05	0.0178201	0.982002
0.000234467	0.00017585	0.0193435	0.980246
0.000297796	0.000238237	0.0188803	0.980584
5.94636e-05	5.94636e-05	0.0195041	0.980377
0.000119574	0.000298936	0.0208657	0.978716
0.000233155	0.000174866	0.0204593	0.979133
0	0.000357164	0.0225609	0.977082
5.93049e-05	0.00035583	0.0220021	0.977583
5.99772e-05	0.000179932	0.0200924	0.979668
0.000238237	0.000476474	0.0194759	0.979809
0.000120062	0.000240125	0.01915	0.98049
0.000177746	0.000296244	0.0187818	0.980744
0.000180495	0.000180495	0.0200349	0.979604
0	0.000234921	0.0207318	0.979033
0.000119332	0.000238663	0.0201671	0.979475
0.000176481	0.000235308	0.0221189	0.977469
6.00492e-05	0.000240197	0.0206569	0.979043
0.000120265	0.000120265	0.020926	0.978833
0.000178264	0.000178264	0.0215105	0.978133
0.000177441	0.000236588	0.0178624	0.981724
0.00017671	0.00017671	0.0189668	0.98068
5.97336e-05	0.000298668	0.0216236	0.978018
5.96908e-05	0.000417836	0.0195786	0.979944
0.000118252	0.000354757	0.0189204	0.980607
0	0.000240067	0.021426	0.978334
0.000179716	0.000179716	0.020907	0.978734
0.000178635	0.000297725	0.0205431	0.978981
0.000179942	0.000299904	0.0197337	0.979786
0.000177242	0.000413565	0.021978	0.977431
0.00017855	0.000238067	0.017855	0.981728
0.000299527	0.000179716	0.0215659	0.977955
0.000117668	0.000235336	0.0209449	0.978702
0.000119161	0.000297903	0.0208532	0.97873
6.01902e-05	0.000361141	0.019923	0.979656
0.000177117	0.000118078	0.0204274	0.979277
0.000355787	0.000474383	0.0194497	0.97972
0.00011989	0.000179835	0.0216401	0.97806
0.000122309	0.000244618	0.0199364	0.979697
0.000236911	0.000118455	0.0187159	0.980929
0.000117199	0.000351597	0.0211544	0.978377
0.00017903	0.000119353	0.0193949	0.980307
5.96125e-05	0.000417288	0.0196721	0.979851
0.000178742	0.000357483	0.0200786	0.979385
5.94071e-05	0.000237628	0.0186538	0.981049
0.000117461	0.000352382	0.0201445	0.979386
0	0.00047953	0.0196008	0.97992
0	0.000239206	0.0195551	0.980206
0.000295456	0.000413638	0.0188501	0.980441
0	0.000180451	0.0177444	0.982075
kmer: TA
0.981185	0.0184768	0.000168995	0.000168995
0.981088	0.0185769	0.000167359	0.000167359
0.980871	0.0188466	0.000225708	5.6427e-05
0.980082	0.0194997	0.000222854	0.000194997
0.980343	0.0195166	8.41232e-05	5.60821e-05
0.978951	0.0206856	0.000195411	0.000167495
0.979242	0.0206186	8.38153e-05	5.58768e-05
0.979733	0.0199304	0.000196497	0.000140355
0.980218	0.0195585	0.000195864	2.79806e-05
0.978506	0.0212682	0.000169243	5.64143e-05
0.979476	0.0202735	0.000167089	8.35445e-05
0.979913	0.0197526	0.000139299	0.000195019
0.979165	0.0206396	0.000111716	8.37872e-05
0.981483	0.0182407	0.000138397	0.000138397
0.979253	0.0204395	0.000195728	0.000111844
0.979859	0.0198622	0.000223171	5.57927e-05
0.98012	0.0197689	8.35306e-05	2.78435e-05
0.980411	0.0194215	0.000139322	2.78645e-05
0.980045	0.0197008	8.4674e-05	0.000169348
0.978743	0.0209223	0.000167378	0.000167378
0.979145	0.0203796	0.00027994	0.000195958
0.980049	0.0197834	8.39466e-05	8.39466e-05
0.979677	0.0200982	5.61404e-05	0.000168421
0.979132	0.0204751	0.000168289	0.000224385
0.980124	0.0195958	0.000111976	0.000167964
0.979317	0.0202359	0.000363352	8.38504e-05
0.980088	0.019634	0.000111083	0.000166625
0.979608	0.0201397	0.000140249	0.000112199
0.979288	0.0204053	0.000167485	0.000139571
0.978384	0.0213649	2.78552e-05	0.000222841
0.97893	0.0208473	0.000111334	0.000111334
0.979736	0.0200399	8.42011e-05	0.000140335
0.98101	0.0188242	8.26834e-05	8.26834e-05
0.980152	0.0196243	0.000111979	0.000111979
0.980189	0.0196434	8.35887e-05	8.35887e-05
0.980434	0.0193979	0.000139755	2.79509e-05
0.980289	0.0194878	8.38785e-05	0.000139798
0.979964	0.0197291	0.000195062	0.000111464
0.979356	0.0204185	0.000169214	5.64048e-05
0.97926	0.020488	0.000195656	5.59018e-05
0.979337	0.0205512	8.37685e-05	2.79228e-05
0.979758	0.020019	5.5841e-05	0.000167523
0.978835	0.0208583	0.000111691	0.00019546
0.979531	0.0201623	0.000250983	5.5774e-05
0.979096	0.0205694	0.000167457	0.000167457
